0.3882753774523735 6.013060092926025
0.3182992786169052 8.351841926574707
0.3536013178527355 8.639338493347168
0.3084937632083893 7.639843940734863
0.31968043744564056 7.008159160614014
0.3834296055138111 6.696403980255127
0.34804702177643776 6.985805988311768
0.30624302849173546 10.351290702819824
0.5791230797767639 3.6017730236053467
0.4797532856464386 3.155514717102051
0.3330816626548767 7.102840900421143
0.6686955839395523 3.9867990016937256
0.40413540601730347 4.951303482055664
0.4955884665250778 6.891374111175537
0.3723110780119896 5.698155403137207
0.4771016240119934 4.430624485015869
0.3752231150865555 4.765838146209717
0.5205046385526657 4.979791641235352
0.3956022188067436 4.187374114990234
0.42838138341903687 3.976370334625244
0.5470894351601601 6.278319835662842
0.5146038681268692 4.7772345542907715
0.38086341321468353 7.951071739196777
1.0666520595550537 4.3222432136535645
0.6438009440898895 2.8608436584472656
0.4598331078886986 4.8060078620910645
0.6269110441207886 3.103100538253784
0.4476112723350525 3.9677934646606445
0.7869987487792969 3.672929525375366
0.5553548783063889 5.071998596191406
0.8494430184364319 3.661855459213257
0.9277767241001129 4.44352388381958
0.7881568074226379 3.2823355197906494
0.5933305025100708 4.0601630210876465
1.1154574751853943 2.567838191986084
0.47826656699180603 6.904962539672852
0.5659201294183731 4.858163356781006
0.6802000552415848 6.378581523895264
0.6525278389453888 4.230414390563965
0.4959951937198639 5.113401889801025
0.6344121396541595 2.814054489135742
0.5178653597831726 4.368880748748779
0.7717893719673157 2.820385456085205
0.5941957086324692 4.253646373748779
0.7454433143138885 3.865708827972412
0.7297443449497223 3.6010215282440186
0.5796580612659454 3.2695348262786865
0.541180744767189 4.954529285430908
0.5921299755573273 3.2243568897247314
0.5230130255222321 5.514481067657471
0.6670819222927094 2.7132811546325684
0.5605720281600952 5.245441436767578
0.572369322180748 5.0048441886901855
0.9211044907569885 2.424870729446411
0.6070583313703537 3.59238338470459
0.4845809191465378 4.082330226898193
0.6024245023727417 6.769786834716797
0.6949036717414856 3.02423357963562
0.5631288886070251 4.277740955352783
0.4170959144830704 7.670814037322998
0.7805894613265991 2.423699378967285
0.5476536750793457 4.918323040008545
0.44809043407440186 5.122045993804932
0.4576343595981598 4.607518672943115
0.43680641055107117 5.178162097930908
0.45049309730529785 6.168636798858643
0.5326894372701645 4.309508800506592
0.5089478120207787 5.347872257232666
0.6950022578239441 3.662260055541992
0.5366685092449188 4.852997779846191
0.4374343901872635 6.05521821975708
0.6222854852676392 4.427097797393799
0.6358373314142227 3.2598798274993896
0.5530580133199692 4.665339469909668
0.5231110751628876 4.031200885772705
0.7885608077049255 3.59379243850708
1.239099383354187 3.4514734745025635
0.48622220754623413 5.503840923309326
0.4551892727613449 4.823453903198242
0.466080904006958 4.578151702880859
0.3990567922592163 6.3014445304870605
0.4600241184234619 5.912319183349609
0.5645360350608826 4.951329231262207
0.38301967829465866 5.3313307762146
0.46118855476379395 4.094977378845215
0.8558443337678909 3.846036911010742
0.37457359582185745 5.7603654861450195
0.4399009346961975 8.219550132751465
0.4369966387748718 4.63596248626709
0.45856496691703796 5.884706020355225
0.5362629145383835 5.734653472900391
0.520640566945076 4.313284397125244
0.4588131010532379 6.543713092803955
0.5415096655488014 6.2941789627075195
0.440425768494606 5.96793794631958
0.5254610180854797 3.725928783416748
0.547147586941719 4.340151786804199
0.44880298525094986 7.628382205963135
0.6673890650272369 4.058051109313965
0.5962974727153778 3.6949779987335205
0.4607092887163162 5.617555141448975
0.6334003955125809 4.1429290771484375
0.9318295121192932 5.207265853881836
0.51278056204319 4.968092918395996
0.39781810343265533 6.8020453453063965
0.47850923240184784 5.108609676361084
0.7306621372699738 5.0159783363342285
0.46699830144643784 7.882630825042725
0.6007488667964935 4.928682327270508
0.49267256259918213 4.054664611816406
0.5308127701282501 3.571523666381836
0.48273876309394836 5.220459461212158
0.470224067568779 7.026749134063721
0.45590048283338547 5.1255645751953125
0.49126429855823517 5.554808616638184
0.6167518869042397 7.828227996826172
0.9460995197296143 2.1634531021118164
0.7340510785579681 4.479087829589844
0.5170756578445435 7.135880470275879
0.5055051743984222 7.474381446838379
0.4159918874502182 6.572772026062012
0.4856918603181839 7.5376362800598145
0.5502583831548691 4.9247589111328125
0.4936172813177109 5.958427906036377
0.5316080078482628 6.226785659790039
0.4855300933122635 5.834679126739502
0.5403089225292206 5.3379034996032715
0.4446908235549927 5.134450912475586
0.4414992034435272 5.49557638168335
0.4805731698870659 8.28282356262207
0.4228024184703827 10.051087379455566
0.6584219634532928 5.701469421386719
0.49715641140937805 5.52244234085083
0.5547488480806351 4.536468982696533
0.4835810512304306 5.572388172149658
0.46403758227825165 5.745633125305176
0.49545976519584656 6.26448392868042
0.46474067866802216 5.9170684814453125
0.49339933693408966 6.360611438751221
0.4707835614681244 5.773582935333252
0.5583010911941528 5.184936046600342
0.6735275611281395 6.405051231384277
0.5363144278526306 4.27689790725708
0.5770479440689087 6.612147331237793
0.5050426870584488 6.9756011962890625
0.5840958803892136 5.653107643127441
0.7074014544487 4.98423957824707
0.4736330583691597 6.155658721923828
0.49398908019065857 7.553347587585449
0.5418669134378433 5.663049697875977
0.5223737508058548 5.68640661239624
0.5716388449072838 7.137781620025635
0.6607727706432343 5.325450897216797
0.492937296628952 6.248532295227051
0.561070442199707 6.771313667297363
0.528374046087265 4.6342644691467285
0.8171839416027069 3.014514207839966
0.5594624876976013 6.584447383880615
0.4365358352661133 6.517599582672119
0.5924108326435089 5.964776992797852
0.7286592572927475 4.099294185638428
0.6317747235298157 4.770312786102295
0.6101789623498917 5.029173374176025
0.513685330748558 7.323561668395996
0.5665389895439148 5.792873382568359
0.5470620095729828 4.899282932281494
0.46769192814826965 5.751660346984863
0.6867486834526062 4.357975482940674
0.4602195620536804 7.171024799346924
0.6086104512214661 5.013861179351807
0.49799564480781555 6.280710697174072
0.6490828990936279 6.269153594970703
0.594153419137001 6.750692844390869
0.6484697163105011 4.581151008605957
0.6140836775302887 5.021481990814209
0.6013295501470566 5.458909511566162
0.6020434200763702 7.193569660186768
0.5122110843658447 8.360812187194824
0.5313719138503075 7.370893955230713
0.5299358665943146 6.420140266418457
0.47674591839313507 8.098335266113281
0.4792710542678833 6.4286322593688965
0.5636925101280212 4.571113586425781
0.664023220539093 5.484083652496338
0.5027375519275665 6.430975914001465
0.6073704808950424 5.811217308044434
0.5399804264307022 4.845699310302734
0.8437557518482208 5.0727434158325195
0.4935353398323059 6.561432361602783
0.5406704097986221 6.854959964752197
0.6324431449174881 6.697113990783691
0.5875459909439087 7.95536470413208
0.5581971853971481 5.653672695159912
0.6934167593717575 3.719658851623535
0.622847318649292 7.779171466827393
0.8930470943450928 3.693605422973633
0.5528325438499451 5.5431227684021
0.5124936252832413 5.950882911682129
0.5300520658493042 5.079773426055908
0.6337874233722687 5.189360618591309
0.5618501603603363 5.8790178298950195
0.5624817460775375 7.912168025970459
0.4991716742515564 5.824864864349365
0.6479327082633972 3.737907886505127
0.6984167098999023 3.792635679244995
0.6933623552322388 4.494488716125488
0.5932586938142776 6.3464508056640625
0.5470873266458511 6.522911071777344
0.6591198444366455 5.2297258377075195
0.532435953617096 10.023398399353027
0.5837755352258682 6.195929050445557
0.5234952867031097 5.934548854827881
0.6027115881443024 6.7277069091796875
0.7064931690692902 5.265293598175049
0.6710794866085052 5.631809711456299
0.5764933675527573 8.096376419067383
0.5888157337903976 5.332830429077148
0.5580903440713882 5.637089729309082
0.6356951147317886 5.388535022735596
0.5881076604127884 7.765557765960693
0.6199152916669846 6.328038692474365
0.4669400453567505 7.623959541320801
0.5855993628501892 5.977930068969727
0.5465395599603653 5.767155647277832
0.5461307764053345 5.8517632484436035
0.521449401974678 5.801699638366699
0.8872923851013184 8.87680721282959
0.5754886418581009 7.724579811096191
0.5998987555503845 8.408926010131836
0.6617170572280884 5.050821304321289
0.563858687877655 8.918008804321289
0.5775049477815628 5.899277687072754
0.5310754925012589 5.9508256912231445
0.5789194256067276 7.454409122467041
0.5374506413936615 6.6420698165893555
0.5791720747947693 6.462786674499512
0.5129652768373489 9.624197006225586
0.6162209212779999 5.3702850341796875
0.6023460924625397 6.82687520980835
0.5270896255970001 6.183772563934326
0.5326226949691772 8.525525093078613
0.5887652337551117 7.905333042144775
0.7355703711509705 4.669673442840576
0.7616490423679352 5.532440185546875
0.5991912484169006 5.866361141204834
0.5906615257263184 5.922077655792236
0.7761729955673218 3.0693395137786865
0.599293902516365 7.423208236694336
0.5720731616020203 9.359540939331055
0.5716627240180969 6.832390308380127
0.6297770738601685 4.776125431060791
0.5508290827274323 7.263558864593506
0.7003093510866165 7.037443161010742
0.622700035572052 5.396590232849121
0.8110705018043518 4.378342628479004
0.7790476679801941 4.244383811950684
0.6888802349567413 5.561038970947266
0.6247079074382782 7.08853006362915
0.9338669180870056 3.4856009483337402
0.5294931977987289 7.024755477905273
0.5229068696498871 6.136050224304199
0.8326396048069 6.255215167999268
0.5970299690961838 6.5847320556640625
0.6405801624059677 5.417254447937012
0.5584359467029572 8.01264762878418
0.8138242363929749 5.0922322273254395
0.6636046469211578 4.029274940490723
0.5852271169424057 6.529092788696289
0.4919959157705307 12.121828079223633
0.5807965248823166 5.0628461837768555
0.7049248516559601 7.0627875328063965
0.7597838640213013 6.293374538421631
0.7486875355243683 5.933605194091797
0.5717606246471405 6.150226593017578
0.76146399974823 5.594285011291504
0.6620764136314392 5.063838958740234
0.7318198680877686 5.603967666625977
0.5926209390163422 6.319202423095703
0.5905074626207352 7.389163970947266
0.6780597269535065 4.944707870483398
0.7256068289279938 6.083181858062744
0.5316020846366882 6.574023246765137
0.6130999326705933 6.522228717803955
0.6333902478218079 5.982966899871826
1.2320669889450073 3.5884244441986084
0.6728387475013733 5.86538553237915
0.9026007652282715 4.5523176193237305
0.5587470233440399 8.283439636230469
0.532606765627861 10.268077850341797
0.5310107469558716 8.235949516296387
0.700504720211029 7.695311069488525
0.6924866586923599 6.1966400146484375
0.5138428956270218 9.577215194702148
0.5924624800682068 6.153841495513916
1.2143689692020416 5.410882472991943
0.755923718214035 5.558284759521484
0.6684153228998184 4.723605155944824
0.6078519970178604 7.920854091644287
0.9246021807193756 5.549121856689453
0.7204199731349945 8.168935775756836
0.6590617001056671 4.335379123687744
0.6738201677799225 6.346738815307617
0.8456456363201141 5.852355480194092
0.7164134085178375 3.8168983459472656
0.6306919157505035 7.338371276855469
0.7743981182575226 4.658329486846924
0.8201051950454712 5.561478614807129
0.9477064609527588 3.4537765979766846
0.7018417716026306 4.935426235198975
0.8224782645702362 5.784424304962158
0.7842174768447876 5.285581588745117
0.7142737507820129 7.491878986358643
0.5893422812223434 4.555088520050049
0.7628755569458008 7.444492816925049
0.5629489123821259 8.284238815307617
0.8140536546707153 4.9957075119018555
0.616580918431282 5.906834602355957
0.6569918990135193 5.99606990814209
0.6570480465888977 4.893233299255371
0.8955100774765015 5.067930221557617
0.5316470712423325 7.141310214996338
0.6272497475147247 9.441892623901367
0.6871844530105591 6.107859134674072
0.7284745573997498 6.820439338684082
0.6000867635011673 8.81249713897705
0.6670034229755402 6.139160633087158
0.5657217055559158 8.610331535339355
0.6740831881761551 7.296621322631836
0.7060031890869141 6.743786811828613
0.5367017835378647 7.32606315612793
0.611509382724762 6.452661037445068
0.7726088762283325 5.835690975189209
0.7032230198383331 6.301010608673096
0.6362136602401733 6.759599685668945
0.7049808502197266 5.66166353225708
0.6972679197788239 6.579305171966553
0.5423969775438309 8.41333293914795
0.572360947728157 7.241436004638672
0.85756716132164 5.476408004760742
0.7099506258964539 5.915074348449707
0.7060731053352356 6.045063018798828
0.7173852622509003 6.469143867492676
0.7216736972332001 6.6686482429504395
0.8096541166305542 5.1975812911987305
0.7012937963008881 5.485940933227539
0.6144428998231888 4.5638203620910645
0.678277000784874 6.313036918640137
0.7132540345191956 4.5583391189575195
0.8644829094409943 5.615714073181152
0.9465847909450531 6.114485263824463
0.9488649368286133 5.509683609008789
0.5945150256156921 8.855586051940918
0.6997493803501129 6.457900524139404
0.677215963602066 7.892414093017578
0.834764301776886 5.40562105178833
0.8858557343482971 6.627837181091309
0.8231193721294403 5.0465826988220215
0.8036126494407654 4.851363182067871
0.6968780159950256 5.068474292755127
0.7729557156562805 5.464569568634033
1.0246211290359497 4.442563533782959
0.6304618716239929 4.890498161315918
0.7288354337215424 4.777069568634033
0.7761867344379425 7.61145544052124
0.6460883915424347 8.185483932495117
0.7889485061168671 7.6622490882873535
0.6848312318325043 7.292107582092285
0.8833989799022675 5.8164448738098145
0.6859966963529587 7.07587194442749
0.8518856316804886 7.181721210479736
0.6113533228635788 6.677384376525879
0.564435139298439 9.77938175201416
0.6336521059274673 5.9147796630859375
0.7936403453350067 4.863595485687256
0.6193739026784897 7.894763946533203
0.5896550118923187 8.416086196899414
0.6443161368370056 9.257367134094238
0.6236037015914917 8.281855583190918
0.6664169728755951 6.1236186027526855
0.675382524728775 6.339577674865723
0.6688654124736786 4.998886585235596
0.7554014325141907 6.445389270782471
0.8456710875034332 5.800589084625244
0.7181649059057236 8.86910343170166
0.6379027217626572 7.545449733734131
0.5813716948032379 8.176973342895508
0.6074928641319275 8.809592247009277
0.6323697566986084 5.687303066253662
1.0912725925445557 4.578309535980225
1.010710746049881 7.63411808013916
0.8831930756568909 3.6860601902008057
0.7848058938980103 4.793666839599609
0.9547791481018066 5.8172197341918945
0.719919353723526 6.774206161499023
0.8529523015022278 7.048221588134766
0.6358941793441772 6.626075744628906
0.8054725825786591 5.394482612609863
0.6506746709346771 6.726475715637207
0.8964771330356598 4.871150016784668
0.8677902817726135 5.5027289390563965
0.8066291958093643 6.131239414215088
0.684199646115303 6.656157970428467
0.5535691380500793 6.467273712158203
0.717793196439743 6.437211036682129
0.6136117577552795 7.101057529449463
0.5858407914638519 6.95824670791626
0.8742419183254242 4.501111030578613
0.5797708928585052 6.530002117156982
0.9943950325250626 6.804871559143066
0.6501125544309616 6.550094127655029
0.644077867269516 5.750048637390137
0.6464760005474091 6.786495685577393
0.7654937207698822 5.338901996612549
0.6899702548980713 6.4906439781188965
0.6479827910661697 8.689266204833984
0.6772223562002182 6.207769870758057
0.6278930455446243 6.741271018981934
0.8299146592617035 6.844592571258545
0.5933818817138672 7.134769439697266
0.5578156858682632 7.244368076324463
0.6315961182117462 10.133777618408203
0.7577693313360214 8.532448768615723
0.7179076373577118 5.199803352355957
0.6653867959976196 6.871933460235596
0.9345562756061554 7.814805507659912
0.7045159637928009 7.035704612731934
0.7023541927337646 7.697846412658691
0.731188639998436 7.319835662841797
0.656791478395462 6.879347801208496
0.7257634103298187 6.3230462074279785
0.7290091812610626 6.828891277313232
0.7597126066684723 6.281219482421875
0.5716123133897781 8.681772232055664
0.8318276405334473 6.956291675567627
0.6703979074954987 8.254955291748047
0.6943921446800232 6.3185248374938965
0.8326748609542847 6.223645210266113
0.7078275978565216 8.925572395324707
0.6738704144954681 6.204986095428467
0.7426252365112305 6.743914604187012
0.6512781232595444 7.082756996154785
0.7121848464012146 8.253922462463379
0.6475882232189178 9.736451148986816
0.7582952380180359 5.815677642822266
0.7031989991664886 6.010395050048828
0.6269034445285797 7.349268436431885
0.6211678236722946 7.483116149902344
0.8341306447982788 7.5200605392456055
0.6363811492919922 9.246965408325195
0.7027393281459808 7.563144207000732
0.7114989310503006 8.375748634338379
0.9157597124576569 6.344253063201904
0.7764379680156708 5.974283695220947
0.7250387370586395 5.824207782745361
0.6916333734989166 6.970670223236084
0.7866006791591644 5.759554386138916
0.9539172351360321 6.193838596343994
0.8119904696941376 4.83710241317749
0.5649975687265396 10.177107810974121
0.578287661075592 7.912756443023682
0.759840726852417 6.146965980529785
0.5981344878673553 7.1267242431640625
0.7454749941825867 6.075010776519775
1.0863075256347656 5.088470935821533
0.6514512747526169 7.081236839294434
1.0636402070522308 3.588808298110962
1.184144139289856 5.692910671234131
0.6544989049434662 8.100878715515137
0.7576824724674225 5.435948371887207
0.6254908740520477 6.589173793792725
0.7012820243835449 5.842235565185547
0.6469767540693283 6.827095985412598
0.7111153602600098 7.14098596572876
0.6860348135232925 9.07125473022461
0.7077784240245819 7.908597469329834
0.6454234421253204 7.471200466156006
0.6111777871847153 8.230960845947266
0.6798312216997147 6.382593154907227
0.720750242471695 6.5673394203186035
0.6565451323986053 8.977946281433105
1.2149334847927094 6.6090803146362305
0.5496097207069397 10.122428894042969
0.7078377902507782 9.732232093811035
0.5634170025587082 11.635705947875977
0.7281586527824402 7.489192485809326
0.7217005342245102 10.075153350830078
0.6684942841529846 6.725211143493652
0.810486912727356 5.425105571746826
0.6859046518802643 7.106500148773193
0.6978346407413483 6.981889724731445
0.7083471119403839 7.59632682800293
0.6164190471172333 6.548977375030518
0.6375255435705185 7.912940502166748
0.6939277052879333 5.992981910705566
0.6315804719924927 7.065045356750488
0.8060632646083832 6.579743385314941
0.625085175037384 5.574884414672852
0.6951342821121216 6.8418869972229
0.6379370093345642 7.011751651763916
0.6817645579576492 8.012163162231445
0.6700858771800995 7.466928482055664
0.668932631611824 5.508339881896973
0.6476263850927353 11.197454452514648
0.6078237295150757 8.068648338317871
0.9376349747180939 6.789841651916504
0.686156302690506 8.296258926391602
0.7666448652744293 7.073626518249512
0.8515385985374451 5.859776020050049
0.7842052280902863 5.970451831817627
0.8400893211364746 5.764827251434326
0.9461429417133331 5.492988586425781
0.788787305355072 7.901875972747803
0.6652892082929611 6.964601039886475
0.743150532245636 5.857598781585693
0.5771592110395432 9.536715507507324
0.7305810749530792 6.321645736694336
0.7408556640148163 7.325926780700684
0.6504913568496704 9.304838180541992
0.6575979888439178 7.379007339477539
0.7516647577285767 9.835456848144531
0.6222251504659653 9.750798225402832
0.5444758236408234 11.887395858764648
0.7137880027294159 6.645969390869141
0.8399449586868286 5.623444080352783
0.7334065437316895 7.405232906341553
0.5440004020929337 7.6578521728515625
0.5954383015632629 8.116024017333984
0.7876547873020172 9.233820915222168
0.7241054475307465 6.5528244972229
0.7468568384647369 6.8045196533203125
0.6792131811380386 9.777830123901367
0.7491143047809601 8.945337295532227
0.5845813155174255 7.224708080291748
0.6447646617889404 7.934633255004883
0.6195752024650574 8.02333927154541
0.5652066618204117 10.09048843383789
0.727360799908638 9.50230598449707
0.6062241941690445 8.246800422668457
0.6803621351718903 7.7973761558532715
0.9379699528217316 6.813287734985352
0.7391133308410645 5.906219959259033
0.6996663808822632 8.395618438720703
0.7057150900363922 8.636007308959961
0.7367647290229797 7.523029327392578
0.6619697213172913 6.385854244232178
0.6439309120178223 5.842347621917725
0.704124242067337 8.56468391418457
0.8512972295284271 5.538125991821289
0.5813203454017639 7.9421706199646
0.6104095280170441 6.708192825317383
0.6074187755584717 10.07958698272705
0.6809736490249634 7.539866924285889
0.6359067112207413 7.399296283721924
0.6906656473875046 9.42149543762207
0.6874978840351105 7.27921724319458
0.861719936132431 5.7383551597595215
0.7268192619085312 9.023320198059082
0.6690638065338135 10.55793571472168
0.5685158967971802 8.966650009155273
0.5521898716688156 9.63541316986084
0.6237525641918182 7.793787956237793
0.7639130353927612 5.400492191314697
0.7310494184494019 7.028892517089844
0.5550127029418945 8.651564598083496
0.8828461766242981 7.47615385055542
0.7041147798299789 8.643770217895508
0.622796043753624 9.165112495422363
0.7663021683692932 7.709092140197754
0.5741298943758011 7.429143905639648
0.6719074994325638 6.769628524780273
0.6342077851295471 6.669462203979492
0.5519543588161469 10.767965316772461
0.7168993651866913 7.830447673797607
0.9547988474369049 5.479275703430176
0.8011251986026764 6.5388102531433105
0.6860756874084473 5.970626354217529
0.835797131061554 6.203619956970215
0.6900656968355179 7.534865856170654
0.6586574912071228 6.089054584503174
0.5890918523073196 9.320174217224121
0.6957625150680542 9.185707092285156
0.7660609185695648 6.171219825744629
0.5449302494525909 11.005840301513672
0.7496089339256287 9.652408599853516
0.6308134645223618 13.554070472717285
0.6510037481784821 9.588969230651855
0.6436512023210526 8.257377624511719
0.5547246336936951 7.984561443328857
0.6201567351818085 7.429174900054932
0.5946196168661118 8.515483856201172
0.6824865490198135 8.310956954956055
0.6405453532934189 6.652002334594727
0.6065717935562134 7.815299034118652
0.6251962780952454 8.014286041259766
0.667009174823761 8.14661693572998
0.6712520867586136 6.903203964233398
0.5817905515432358 8.939116477966309
0.7349139750003815 8.728898048400879
0.5356693118810654 7.481781482696533
0.6076405048370361 8.067344665527344
0.5870648622512817 7.607184410095215
0.5661177635192871 10.028329849243164
0.7065673470497131 6.457759380340576
0.7962108254432678 6.997470855712891
0.5901072323322296 7.857969284057617
0.6351367235183716 6.701033592224121
0.6544274538755417 6.740248203277588
0.5937002152204514 9.424871444702148
0.6165505200624466 6.352648735046387
0.6857615113258362 6.927963733673096
0.6578635275363922 8.421756744384766
0.6333501040935516 7.2496795654296875
0.5759989023208618 6.290441989898682
0.7301198840141296 6.7996087074279785
0.7589059174060822 5.0659356117248535
1.1290516406297684 5.479952812194824
0.7146799713373184 8.362395286560059
0.5703875422477722 7.9960432052612305
0.5429174900054932 8.310641288757324
0.5445796251296997 9.067028999328613
0.5437639504671097 10.401049613952637
0.6163234114646912 8.779126167297363
0.7578540146350861 7.132663726806641
0.6402860432863235 7.960066318511963
0.6292534470558167 10.192215919494629
0.5569125562906265 7.92717170715332
0.7116813361644745 7.193252086639404
0.6791398525238037 7.615525245666504
0.867360383272171 6.427221298217773
0.5677263736724854 6.943532466888428
0.5963402092456818 7.579540729522705
0.5575892329216003 8.800156593322754
0.5621930211782455 8.966320991516113
0.6091106683015823 5.820143699645996
0.6152946054935455 9.402056694030762
0.6835654228925705 8.324543952941895
0.7968043386936188 7.059152603149414
0.6087702810764313 8.1914701461792
0.5893470644950867 7.960232257843018
0.5695991665124893 7.731489658355713
0.6483361274003983 7.383525371551514
0.5798077583312988 10.386800765991211
0.5687066465616226 9.148887634277344
0.718917652964592 8.746545791625977
0.6255524009466171 7.396145343780518
0.6775959879159927 7.9703168869018555
0.6627350449562073 6.276484966278076
1.0423649549484253 4.695531845092773
0.7768403589725494 7.3882880210876465
0.5436786562204361 7.324454307556152
0.8706008195877075 6.764464378356934
0.7094011008739471 6.102475643157959
0.78339022397995 9.0078125
0.5694436430931091 10.087198257446289
0.6279289275407791 9.704044342041016
0.597430482506752 7.650580406188965
0.5642091184854507 8.206131935119629
0.6830198466777802 7.060182571411133
0.610672727227211 7.630788326263428
0.740387350320816 6.942435264587402
0.5551355481147766 6.948629379272461
0.6204157471656799 8.09248161315918
0.5928385555744171 7.195075511932373
0.7951220273971558 5.920654296875
0.7230900526046753 7.163051128387451
0.706735759973526 4.7934980392456055
0.653630718588829 7.455610275268555
0.549025371670723 7.56630277633667
0.7209785580635071 6.911892414093018
0.7038303017616272 7.604560852050781
0.7384113073348999 8.282513618469238
0.676805317401886 6.874391078948975
0.6214376240968704 6.567539691925049
0.7956955432891846 6.8776326179504395
0.6981313526630402 7.864415168762207
0.5704724788665771 7.498200416564941
0.5512482821941376 7.8834052085876465
0.6696566492319107 8.73165512084961
0.6096750646829605 8.109297752380371
0.7218741476535797 6.918192386627197
0.7565124332904816 6.902047157287598
0.5903971940279007 8.360930442810059
0.6323501318693161 8.912580490112305
0.569408506155014 9.346369743347168
0.6410744190216064 9.643157005310059
0.5818276554346085 9.532988548278809
0.7120253145694733 7.021263122558594
0.6587058156728745 7.916106224060059
0.6468316912651062 7.2768874168396
0.8004092574119568 8.315564155578613
0.5607408881187439 7.883847713470459
0.7187281847000122 10.834478378295898
0.7257581055164337 7.5052008628845215
0.6355556845664978 5.681890487670898
0.6691485047340393 6.530550479888916
0.6856227815151215 7.483712673187256
0.7138680517673492 7.278905391693115
0.7421923875808716 7.026476860046387
0.599498376250267 8.106050491333008
0.6102981269359589 8.275089263916016
0.923591285943985 9.785388946533203
0.6145932078361511 6.487706661224365
0.6518334448337555 9.030439376831055
0.6755738109350204 8.59355640411377
0.640544056892395 7.076815128326416
0.7413463294506073 8.134891510009766
0.7378715872764587 6.817855358123779
0.6852759718894958 9.070852279663086
0.6241709291934967 10.52184009552002
0.7375950813293457 7.573021411895752
0.6875552535057068 7.362829685211182
0.5479608923196793 11.286588668823242
1.0390354990959167 6.4972710609436035
0.6115827858448029 6.0813493728637695
0.7565679550170898 9.463183403015137
0.6991956830024719 7.63142204284668
0.8724222183227539 7.587250709533691
0.5737911760807037 9.878555297851562
0.938946083188057 5.299801826477051
0.6632835566997528 7.777133941650391
0.5776883959770203 8.99075698852539
0.6708308756351471 5.470166206359863
0.6182076930999756 7.239202976226807
0.7925951480865479 6.845521926879883
0.6478476524353027 6.257727146148682
0.717993289232254 6.9927778244018555
0.628179132938385 6.2982988357543945
0.8031818866729736 5.986595630645752
0.7231984436511993 6.216794490814209
0.7685922086238861 6.971383571624756
0.6900198459625244 8.637490272521973
0.6625171899795532 7.083935260772705
0.7638460695743561 6.829999923706055
1.0007984042167664 7.172356128692627
0.6553221791982651 7.235210418701172
0.7646372318267822 9.416916847229004
0.6059923470020294 9.934394836425781
0.9465622454881668 7.266786098480225
0.6558904349803925 9.079896926879883
0.6312737017869949 8.25053882598877
0.5835767686367035 9.366929054260254
0.5775070935487747 8.924039840698242
0.5881090462207794 6.858828544616699
0.5745771080255508 6.9625468254089355
0.7596516907215118 6.9225850105285645
0.6280866116285324 7.45539665222168
0.7686569392681122 7.271845817565918
0.6826380789279938 7.60299015045166
0.6579325795173645 7.749019622802734
0.6669252514839172 7.040809154510498
0.6666108071804047 5.573446273803711
0.7349461615085602 6.274634838104248
0.8286898881196976 8.09566593170166
0.9569227695465088 5.598758220672607
0.83925461769104 6.821755409240723
0.6516730338335037 9.833505630493164
0.6745239645242691 8.211740493774414
0.7017495036125183 7.565856456756592
0.6330206990242004 5.705450057983398
0.5770854949951172 7.205877304077148
0.6496427059173584 8.614322662353516
0.9898345470428467 6.3383469581604
0.7820206880569458 6.437121391296387
0.8840257972478867 7.166213512420654
0.6322952210903168 6.997340679168701
0.7056272327899933 7.354379177093506
0.83510622382164 8.769062995910645
0.6124578565359116 8.379159927368164
0.9009904861450195 8.443068504333496
0.7045441269874573 9.56921672821045
0.5782655328512192 8.774765968322754
0.7036933898925781 6.090734481811523
0.5553682744503021 8.787607192993164
0.684333547949791 8.011307716369629
0.6454510390758514 9.074308395385742
0.585800513625145 8.1912202835083
0.8445057570934296 7.4676618576049805
0.7412616312503815 11.318397521972656
0.6403908878564835 8.735673904418945
0.566680908203125 10.177789688110352
0.7115249037742615 7.946184158325195
0.7042837142944336 6.8625993728637695
0.7337429523468018 6.547469615936279
0.708758533000946 6.1433634757995605
0.790081113576889 8.5452299118042
0.5623826533555984 11.708891868591309
0.6253955364227295 7.612593650817871
0.5475778877735138 8.674541473388672
0.7582589834928513 8.018851280212402
0.7385372817516327 6.943961143493652
0.634529709815979 9.182296752929688
0.6298998445272446 7.179592132568359
1.085694134235382 6.569199085235596
0.7585351467132568 6.505914211273193
0.7027823030948639 7.2628655433654785
0.7992802560329437 6.065350532531738
0.7407847344875336 8.383512496948242
0.552496001124382 9.551350593566895
0.5469045042991638 7.838199615478516
0.6004888713359833 8.762784004211426
0.7986036688089371 10.490421295166016
0.6024297922849655 10.520153999328613
0.862007662653923 8.054510116577148
0.5791021883487701 11.016582489013672
0.7453269064426422 7.827218055725098
0.6558042466640472 8.87169361114502
0.5681373029947281 8.910789489746094
0.8229130208492279 6.928353309631348
0.7394329458475113 8.481590270996094
0.7205872237682343 5.4651665687561035
0.7156327366828918 6.8154120445251465
0.7898184657096863 4.848175525665283
0.6501979678869247 6.768459320068359
0.9075570404529572 5.94565486907959
0.6583747565746307 7.8095550537109375
0.6406199634075165 6.598012924194336
0.834465280175209 7.865117073059082
0.6459132730960846 7.481170654296875
0.5732192844152451 8.704202651977539
0.6896674335002899 6.979381561279297
0.898282378911972 4.608789443969727
0.6119629144668579 8.078374862670898
0.680382177233696 9.500614166259766
0.8245272040367126 6.939652442932129
0.7242057025432587 9.344626426696777
0.7646416127681732 6.967001914978027
0.7763067483901978 4.716467380523682
0.6131531149148941 7.909940719604492
0.5969991087913513 9.216577529907227
0.7686194777488708 7.796638488769531
0.8792868852615356 5.759665012359619
0.6593141853809357 9.514896392822266
0.729289323091507 7.601864337921143
0.7359756231307983 8.264267921447754
0.61322021484375 8.2429838180542
0.6235607117414474 6.008054733276367
0.638401135802269 9.282954216003418
0.6646554917097092 8.828876495361328
0.6603212654590607 7.896917343139648
0.7279261946678162 6.976574897766113
0.6904442608356476 8.10216236114502
0.700090080499649 7.475713729858398
0.9464979767799377 5.314341068267822
0.8044143915176392 7.540416717529297
0.70966637134552 4.956387042999268
0.937678188085556 5.291296005249023
0.7237040102481842 6.11735725402832
0.874162495136261 8.306241035461426
0.8116796612739563 7.479674816131592
0.6129124611616135 7.510584354400635
0.7212361693382263 5.7064208984375
0.6121367663145065 8.694639205932617
0.635603204369545 9.293627738952637
0.702436089515686 6.899720668792725
0.7343845963478088 7.0535383224487305
0.6403933763504028 7.4185051918029785
0.6610012352466583 7.0457234382629395
0.8112435340881348 7.91937255859375
0.8495415151119232 7.168161869049072
0.909258097410202 5.216392517089844
0.9610530734062195 4.9391961097717285
0.7408477067947388 7.338244915008545
0.8189119398593903 7.7476277351379395
0.8180075883865356 7.281164646148682
0.7137516587972641 6.26537561416626
0.8802928626537323 5.92505407333374
0.8190112411975861 8.042808532714844
0.8263135850429535 8.176447868347168
0.793393075466156 7.9041876792907715
0.8404203057289124 5.339298248291016
0.8330914974212646 6.5130295753479
0.8055936694145203 4.811042785644531
0.7922122627496719 7.490299224853516
0.7579607218503952 7.963147163391113
0.7055901437997818 8.838030815124512
0.696164071559906 8.248815536499023
0.6719028949737549 7.985344409942627
0.653099775314331 7.6798095703125
0.7335169017314911 7.532584190368652
0.6870686113834381 7.149997234344482
0.8583036065101624 6.9866251945495605
0.7500599920749664 8.918134689331055
0.6650463044643402 7.213047027587891
1.1701125800609589 6.110223770141602
0.6689386516809464 6.556746959686279
0.5871866643428802 10.254936218261719
0.7360452115535736 5.822116851806641
0.6391159892082214 7.199123859405518
0.6418104767799377 8.635514259338379
0.6177102625370026 6.744770526885986
0.9108504056930542 6.231358051300049
0.6917378604412079 6.314489841461182
0.8308078646659851 6.2874555587768555
0.6835649311542511 7.107808589935303
0.7040631771087646 7.072888374328613
0.8433306217193604 5.540818214416504
0.7133553326129913 4.7652740478515625
0.7864164263010025 8.22951889038086
0.7163244783878326 5.830217361450195
0.7637591660022736 7.464466094970703
0.7165023386478424 5.886599063873291
0.9800198078155518 8.53813648223877
0.859033465385437 6.677237033843994
0.5533144026994705 10.560809135437012
0.6019663214683533 8.086725234985352
0.603037029504776 8.013655662536621
0.7235187888145447 8.17788028717041
0.7958225011825562 6.823488235473633
0.6903432905673981 6.292874336242676
0.5613487362861633 7.185360908508301
0.6614951491355896 6.782245635986328
0.8122203946113586 6.0959086418151855
0.7724290490150452 6.377495288848877
0.7217645943164825 5.990079402923584
0.6551317274570465 7.644931793212891
0.8108431994915009 5.377621650695801
0.947198212146759 5.636847019195557
0.6885381937026978 6.020655155181885
0.7792523801326752 6.578842639923096
0.6733447164297104 6.376517295837402
0.8567784428596497 6.458728313446045
0.7764315009117126 7.689549446105957
0.6527732312679291 7.799566745758057
0.8653246164321899 5.716892242431641
0.626234233379364 5.456865310668945
0.7392196208238602 7.142876625061035
0.6724139004945755 6.365209579467773
0.6996358633041382 6.653041839599609
0.7168246805667877 7.570518970489502
0.7427197992801666 5.9209465980529785
0.8260402083396912 8.503128051757812
0.6544577181339264 8.02392292022705
0.7405357956886292 9.482155799865723
0.780219703912735 6.160591125488281
0.7980852425098419 6.6289448738098145
0.819020539522171 5.870743274688721
0.805431455373764 6.63267183303833
0.6128665804862976 8.219054222106934
0.7590919733047485 5.74038028717041
0.9628124535083771 4.989280700683594
0.6742734909057617 4.623692989349365
0.6506291329860687 5.329010009765625
1.1836908608675003 6.327365398406982
0.7184192985296249 8.170388221740723
0.7586784958839417 7.322939395904541
0.7354728877544403 6.834686279296875
0.782401978969574 6.286391258239746
0.9131928086280823 5.605518341064453
0.7718241661787033 9.471299171447754
0.7439611852169037 6.549411296844482
0.887682318687439 6.527260780334473
0.747782975435257 5.948403358459473
0.8917693495750427 7.897536754608154
0.8079781830310822 7.012103080749512
0.6982689201831818 4.896889686584473
0.8235531747341156 5.345357418060303
0.8820675313472748 5.967539310455322
0.9074665606021881 5.599987030029297
0.915157288312912 7.3088908195495605
0.6488055437803268 8.978302001953125
0.6479401290416718 7.696858882904053
0.5824077427387238 8.4176607131958
0.6208377778530121 8.155969619750977
0.7669259607791901 6.795714378356934
0.6294499784708023 7.727306365966797
0.727019801735878 8.050886154174805
1.0057123601436615 6.1500701904296875
0.73088139295578 6.855639457702637
0.7931617200374603 8.108966827392578
0.6825854033231735 7.261109352111816
0.7796651422977448 7.290187358856201
0.745809942483902 7.63939905166626
0.6650990098714828 6.493144989013672
0.9164426326751709 6.452361106872559
0.8822931498289108 6.52590799331665
0.8043368756771088 6.749907493591309
0.8305165767669678 6.45320987701416
0.6075288951396942 7.196878433227539
0.9059838354587555 5.8089752197265625
0.6819288432598114 7.835411548614502
0.6167435348033905 7.370486736297607
0.7995936572551727 6.134407997131348
0.9188119173049927 6.960265159606934
0.8545767068862915 6.887546539306641
0.8995186686515808 4.357251167297363
0.9777388572692871 5.594007968902588
0.8305105566978455 6.0939836502075195
0.6572202295064926 6.201403617858887
0.8838578462600708 5.106146812438965
0.6508191078901291 7.124556541442871
0.8124948143959045 5.233836650848389
0.7332581281661987 6.110934257507324
0.7345546185970306 6.800847053527832
0.7460567951202393 5.543423175811768
0.6991535425186157 7.466660499572754
0.9249144494533539 6.305112838745117
0.6476072669029236 6.527805328369141
0.7111683785915375 7.712362766265869
0.8109108507633209 6.709777355194092
0.7046248912811279 6.738983154296875
0.7709634900093079 6.588493347167969
