0.3882753774523735 6.013060092926025
0.3182992786169052 8.351841926574707
0.3536013178527355 8.639338493347168
0.3084937632083893 7.639843940734863
0.31968043744564056 7.008159160614014
0.3834296055138111 6.696403980255127
0.34804702177643776 6.985805988311768
0.30624302849173546 10.351290702819824
0.5791230797767639 3.6017730236053467
0.4797532856464386 3.155514717102051
0.3330816626548767 7.102840900421143
0.6686955839395523 3.9867990016937256
0.40413540601730347 4.951303482055664
0.4955884665250778 6.891374111175537
0.3723110780119896 5.698155403137207
0.4771016240119934 4.430624485015869
0.3752231150865555 4.765838146209717
0.5205046385526657 4.979791641235352
0.3956022188067436 4.187374114990234
0.42838138341903687 3.976370334625244
0.5470894351601601 6.278319835662842
0.5146038681268692 4.7772345542907715
0.38086341321468353 7.951071739196777
1.0666520595550537 4.3222432136535645
0.6438009440898895 2.8608436584472656
0.4598331078886986 4.8060078620910645
0.6269110441207886 3.103100538253784
0.4476112723350525 3.9677934646606445
0.7869987487792969 3.672929525375366
0.5553548783063889 5.071998596191406
0.8494430184364319 3.661855459213257
0.9277767241001129 4.44352388381958
0.7881568074226379 3.2823355197906494
0.5933305025100708 4.0601630210876465
1.1154574751853943 2.567838191986084
0.47826656699180603 6.904962539672852
0.5659201294183731 4.858163356781006
0.6802000552415848 6.378581523895264
0.6525278389453888 4.230414390563965
0.4959951937198639 5.113401889801025
0.6344121396541595 2.814054489135742
0.5178653597831726 4.368880748748779
0.7717893719673157 2.820385456085205
0.5941957086324692 4.253646373748779
0.7454433143138885 3.865708827972412
0.7297443449497223 3.6010215282440186
0.5796580612659454 3.2695348262786865
0.541180744767189 4.954529285430908
0.5921299755573273 3.2243568897247314
0.5230130255222321 5.514481067657471
0.6670819222927094 2.7132811546325684
0.5605720281600952 5.245441436767578
0.572369322180748 5.0048441886901855
0.9211044907569885 2.424870729446411
0.6070583313703537 3.59238338470459
0.4845809191465378 4.082330226898193
0.6024245023727417 6.769786834716797
0.6949036717414856 3.02423357963562
0.5631288886070251 4.277740955352783
0.4170959144830704 7.670814037322998
0.7805894613265991 2.423699378967285
0.5476536750793457 4.918323040008545
0.44809043407440186 5.122045993804932
0.4576343595981598 4.607518672943115
0.43680641055107117 5.178162097930908
0.45049309730529785 6.168636798858643
0.5326894372701645 4.309508800506592
0.5089478120207787 5.347872257232666
0.6950022578239441 3.662260055541992
0.5366685092449188 4.852997779846191
0.4374343901872635 6.05521821975708
0.6222854852676392 4.427097797393799
0.6358373314142227 3.2598798274993896
0.5530580133199692 4.665339469909668
0.5231110751628876 4.031200885772705
0.7885608077049255 3.59379243850708
1.239099383354187 3.4514734745025635
0.48622220754623413 5.503840923309326
0.4551892727613449 4.823453903198242
0.466080904006958 4.578151702880859
0.3990567922592163 6.3014445304870605
0.4600241184234619 5.912319183349609
0.5645360350608826 4.951329231262207
0.38301967829465866 5.3313307762146
0.46118855476379395 4.094977378845215
0.8558443337678909 3.846036911010742
0.37457359582185745 5.7603654861450195
0.4399009346961975 8.219550132751465
0.4369966387748718 4.63596248626709
0.45856496691703796 5.884706020355225
0.5362629145383835 5.734653472900391
0.520640566945076 4.313284397125244
0.4588131010532379 6.543713092803955
0.5415096655488014 6.2941789627075195
0.440425768494606 5.96793794631958
0.5254610180854797 3.725928783416748
0.547147586941719 4.340151786804199
0.44880298525094986 7.628382205963135
0.6673890650272369 4.058051109313965
0.5962974727153778 3.6949779987335205
0.4607092887163162 5.617555141448975
0.6334003955125809 4.1429290771484375
0.9318295121192932 5.207265853881836
0.51278056204319 4.968092918395996
0.39781810343265533 6.8020453453063965
0.47850923240184784 5.108609676361084
0.7306621372699738 5.0159783363342285
0.46699830144643784 7.882630825042725
0.6007488667964935 4.928682327270508
0.49267256259918213 4.054664611816406
0.5308127701282501 3.571523666381836
0.48273876309394836 5.220459461212158
0.470224067568779 7.026749134063721
0.45590048283338547 5.1255645751953125
0.49126429855823517 5.554808616638184
0.6167518869042397 7.828227996826172
0.9460995197296143 2.1634531021118164
0.7340510785579681 4.479087829589844
0.5170756578445435 7.135880470275879
0.5055051743984222 7.474381446838379
0.4159918874502182 6.572772026062012
0.4856918603181839 7.5376362800598145
0.5502583831548691 4.9247589111328125
0.4936172813177109 5.958427906036377
0.5316080078482628 6.226785659790039
0.4855300933122635 5.834679126739502
0.5403089225292206 5.3379034996032715
0.4446908235549927 5.134450912475586
0.4414992034435272 5.49557638168335
0.4805731698870659 8.28282356262207
0.4228024184703827 10.051087379455566
0.6584219634532928 5.701469421386719
0.49715641140937805 5.52244234085083
0.5547488480806351 4.536468982696533
0.4835810512304306 5.572388172149658
0.46403758227825165 5.745633125305176
0.49545976519584656 6.26448392868042
0.46474067866802216 5.9170684814453125
0.49339933693408966 6.360611438751221
0.4707835614681244 5.773582935333252
0.5583010911941528 5.184936046600342
0.6735275611281395 6.405051231384277
0.5363144278526306 4.27689790725708
0.5770479440689087 6.612147331237793
0.5050426870584488 6.9756011962890625
0.5840958803892136 5.653107643127441
0.7074014544487 4.98423957824707
0.4736330583691597 6.155658721923828
0.49398908019065857 7.553347587585449
0.5418669134378433 5.663049697875977
0.5223737508058548 5.68640661239624
0.5716388449072838 7.137781620025635
0.6607727706432343 5.325450897216797
0.492937296628952 6.248532295227051
0.561070442199707 6.771313667297363
0.528374046087265 4.6342644691467285
0.8171839416027069 3.014514207839966
0.5594624876976013 6.584447383880615
0.4365358352661133 6.517599582672119
0.5924108326435089 5.964776992797852
0.7286592572927475 4.099294185638428
0.6317747235298157 4.770312786102295
0.6101789623498917 5.029173374176025
0.513685330748558 7.323561668395996
0.5665389895439148 5.792873382568359
0.5470620095729828 4.899282932281494
0.46769192814826965 5.751660346984863
0.6867486834526062 4.357975482940674
0.4602195620536804 7.171024799346924
0.6086104512214661 5.013861179351807
0.49799564480781555 6.280710697174072
0.6490828990936279 6.269153594970703
0.594153419137001 6.750692844390869
0.6484697163105011 4.581151008605957
0.6140836775302887 5.021481990814209
0.6013295501470566 5.458909511566162
0.6020434200763702 7.193569660186768
0.5122110843658447 8.360812187194824
0.5313719138503075 7.370893955230713
0.5299358665943146 6.420140266418457
0.47674591839313507 8.098335266113281
0.4792710542678833 6.4286322593688965
0.5636925101280212 4.571113586425781
0.664023220539093 5.484083652496338
0.5027375519275665 6.430975914001465
0.6073704808950424 5.811217308044434
0.5399804264307022 4.845699310302734
0.8437557518482208 5.0727434158325195
0.4935353398323059 6.561432361602783
0.5406704097986221 6.854959964752197
0.6324431449174881 6.697113990783691
0.5875459909439087 7.95536470413208
0.5581971853971481 5.653672695159912
0.6934167593717575 3.719658851623535
0.622847318649292 7.779171466827393
0.8930470943450928 3.693605422973633
0.5528325438499451 5.5431227684021
0.5124936252832413 5.950882911682129
0.5300520658493042 5.079773426055908
0.6337874233722687 5.189360618591309
0.5618501603603363 5.8790178298950195
0.5624817460775375 7.912168025970459
0.4991716742515564 5.824864864349365
0.6479327082633972 3.737907886505127
0.6984167098999023 3.792635679244995
0.6933623552322388 4.494488716125488
0.5932586938142776 6.3464508056640625
0.5470873266458511 6.522911071777344
0.6591198444366455 5.2297258377075195
0.532435953617096 10.023398399353027
0.5837755352258682 6.195929050445557
0.5234952867031097 5.934548854827881
0.6027115881443024 6.7277069091796875
0.7064931690692902 5.265293598175049
0.6710794866085052 5.631809711456299
0.5764933675527573 8.096376419067383
0.5888157337903976 5.332830429077148
0.5580903440713882 5.637089729309082
0.6356951147317886 5.388535022735596
0.5881076604127884 7.765557765960693
0.6199152916669846 6.328038692474365
0.4669400453567505 7.623959541320801
0.5855993628501892 5.977930068969727
0.5465395599603653 5.767155647277832
0.5461307764053345 5.8517632484436035
0.521449401974678 5.801699638366699
0.8872923851013184 8.87680721282959
0.5754886418581009 7.724579811096191
0.5998987555503845 8.408926010131836
0.6617170572280884 5.050821304321289
0.563858687877655 8.918008804321289
0.5775049477815628 5.899277687072754
0.5310754925012589 5.9508256912231445
0.5789194256067276 7.454409122467041
0.5374506413936615 6.6420698165893555
0.5791720747947693 6.462786674499512
0.5129652768373489 9.624197006225586
0.6162209212779999 5.3702850341796875
0.6023460924625397 6.82687520980835
0.5270896255970001 6.183772563934326
0.5326226949691772 8.525525093078613
0.5887652337551117 7.905333042144775
0.7355703711509705 4.669673442840576
0.7616490423679352 5.532440185546875
0.5991912484169006 5.866361141204834
0.5906615257263184 5.922077655792236
0.7761729955673218 3.0693395137786865
0.599293902516365 7.423208236694336
0.5720731616020203 9.359540939331055
0.5716627240180969 6.832390308380127
0.6297770738601685 4.776125431060791
0.5508290827274323 7.263558864593506
0.7003093510866165 7.037443161010742
0.622700035572052 5.396590232849121
0.8110705018043518 4.378342628479004
0.7790476679801941 4.244383811950684
0.6888802349567413 5.561038970947266
0.6247079074382782 7.08853006362915
0.9338669180870056 3.4856009483337402
0.5294931977987289 7.024755477905273
0.5229068696498871 6.136050224304199
0.8326396048069 6.255215167999268
0.5970299690961838 6.5847320556640625
0.6405801624059677 5.417254447937012
0.5584359467029572 8.01264762878418
0.8138242363929749 5.0922322273254395
0.6636046469211578 4.029274940490723
0.5852271169424057 6.529092788696289
0.4919959157705307 12.121828079223633
0.5807965248823166 5.0628461837768555
0.7049248516559601 7.0627875328063965
0.7597838640213013 6.293374538421631
0.7486875355243683 5.933605194091797
0.5717606246471405 6.150226593017578
0.76146399974823 5.594285011291504
0.6620764136314392 5.063838958740234
0.7318198680877686 5.603967666625977
0.5926209390163422 6.319202423095703
0.5905074626207352 7.389163970947266
0.6780597269535065 4.944707870483398
0.7256068289279938 6.083181858062744
0.5316020846366882 6.574023246765137
0.6130999326705933 6.522228717803955
0.6333902478218079 5.982966899871826
1.2320669889450073 3.5884244441986084
0.6728387475013733 5.86538553237915
0.9026007652282715 4.5523176193237305
0.5587470233440399 8.283439636230469
0.532606765627861 10.268077850341797
0.5310107469558716 8.235949516296387
0.700504720211029 7.695311069488525
0.6924866586923599 6.1966400146484375
0.5138428956270218 9.577215194702148
0.5924624800682068 6.153841495513916
1.2143689692020416 5.410882472991943
0.755923718214035 5.558284759521484
0.6684153228998184 4.723605155944824
0.6078519970178604 7.920854091644287
0.9246021807193756 5.549121856689453
0.7204199731349945 8.168935775756836
0.6590617001056671 4.335379123687744
0.6738201677799225 6.346738815307617
0.8456456363201141 5.852355480194092
0.7164134085178375 3.8168983459472656
0.6306919157505035 7.338371276855469
0.7743981182575226 4.658329486846924
0.8201051950454712 5.561478614807129
0.9477064609527588 3.4537765979766846
0.7018417716026306 4.935426235198975
0.8224782645702362 5.784424304962158
0.7842174768447876 5.285581588745117
0.7142737507820129 7.491878986358643
0.5893422812223434 4.555088520050049
0.7628755569458008 7.444492816925049
0.5629489123821259 8.284238815307617
0.8140536546707153 4.9957075119018555
0.616580918431282 5.906834602355957
0.6569918990135193 5.99606990814209
0.6570480465888977 4.893233299255371
0.8955100774765015 5.067930221557617
0.5316470712423325 7.141310214996338
0.6272497475147247 9.441892623901367
0.6871844530105591 6.107859134674072
0.7284745573997498 6.820439338684082
0.6000867635011673 8.81249713897705
0.6670034229755402 6.139160633087158
0.5657217055559158 8.610331535339355
0.6740831881761551 7.296621322631836
0.7060031890869141 6.743786811828613
0.5367017835378647 7.32606315612793
0.611509382724762 6.452661037445068
0.7726088762283325 5.835690975189209
0.7032230198383331 6.301010608673096
0.6362136602401733 6.759599685668945
0.7049808502197266 5.66166353225708
0.6972679197788239 6.579305171966553
0.5423969775438309 8.41333293914795
0.572360947728157 7.241436004638672
0.85756716132164 5.476408004760742
0.7099506258964539 5.915074348449707
0.7060731053352356 6.045063018798828
0.7173852622509003 6.469143867492676
0.7216736972332001 6.6686482429504395
0.8096541166305542 5.1975812911987305
0.7012937963008881 5.485940933227539
0.6144428998231888 4.5638203620910645
0.678277000784874 6.313036918640137
0.7132540345191956 4.5583391189575195
0.8644829094409943 5.615714073181152
0.9465847909450531 6.114485263824463
0.9488649368286133 5.509683609008789
0.5945150256156921 8.855586051940918
0.6997493803501129 6.457900524139404
0.677215963602066 7.892414093017578
0.834764301776886 5.40562105178833
0.8858557343482971 6.627837181091309
0.8231193721294403 5.0465826988220215
0.8036126494407654 4.851363182067871
0.6968780159950256 5.068474292755127
0.7729557156562805 5.464569568634033
1.0246211290359497 4.442563533782959
0.6304618716239929 4.890498161315918
0.7288354337215424 4.777069568634033
0.7761867344379425 7.61145544052124
0.6460883915424347 8.185483932495117
0.7889485061168671 7.6622490882873535
0.6848312318325043 7.292107582092285
0.8833989799022675 5.8164448738098145
0.6859966963529587 7.07587194442749
0.8518856316804886 7.181721210479736
0.6113533228635788 6.677384376525879
0.564435139298439 9.77938175201416
0.6336521059274673 5.9147796630859375
0.7936403453350067 4.863595485687256
0.6193739026784897 7.894763946533203
0.5896550118923187 8.416086196899414
0.6443161368370056 9.257367134094238
0.6236037015914917 8.281855583190918
0.6664169728755951 6.1236186027526855
0.675382524728775 6.339577674865723
0.6688654124736786 4.998886585235596
0.7554014325141907 6.445389270782471
0.8456710875034332 5.800589084625244
0.7181649059057236 8.86910343170166
0.6379027217626572 7.545449733734131
0.5813716948032379 8.176973342895508
0.6074928641319275 8.809592247009277
0.6323697566986084 5.687303066253662
1.0912725925445557 4.578309535980225
1.010710746049881 7.63411808013916
0.8831930756568909 3.6860601902008057
0.7848058938980103 4.793666839599609
0.9547791481018066 5.8172197341918945
0.719919353723526 6.774206161499023
0.8529523015022278 7.048221588134766
0.6358941793441772 6.626075744628906
0.8054725825786591 5.394482612609863
0.6506746709346771 6.726475715637207
0.8964771330356598 4.871150016784668
0.8677902817726135 5.5027289390563965
0.8066291958093643 6.131239414215088
0.684199646115303 6.656157970428467
0.5535691380500793 6.467273712158203
0.717793196439743 6.437211036682129
0.6136117577552795 7.101057529449463
0.5858407914638519 6.95824670791626
0.8742419183254242 4.501111030578613
0.5797708928585052 6.530002117156982
0.9943950325250626 6.804871559143066
0.6501125544309616 6.550094127655029
0.644077867269516 5.750048637390137
0.6464760005474091 6.786495685577393
0.7654937207698822 5.338901996612549
0.6899702548980713 6.4906439781188965
0.6479827910661697 8.689266204833984
0.6772223562002182 6.207769870758057
0.6278930455446243 6.741271018981934
0.8299146592617035 6.844592571258545
0.5933818817138672 7.134769439697266
0.5578156858682632 7.244368076324463
0.6315961182117462 10.133777618408203
0.7577693313360214 8.532448768615723
0.7179076373577118 5.199803352355957
0.6653867959976196 6.871933460235596
0.9345562756061554 7.814805507659912
0.7045159637928009 7.035704612731934
0.7023541927337646 7.697846412658691
0.731188639998436 7.319835662841797
0.656791478395462 6.879347801208496
0.7257634103298187 6.3230462074279785
0.7290091812610626 6.828891277313232
0.7597126066684723 6.281219482421875
0.5716123133897781 8.681772232055664
0.8318276405334473 6.956291675567627
0.6703979074954987 8.254955291748047
0.6943921446800232 6.3185248374938965
0.8326748609542847 6.223645210266113
0.7078275978565216 8.925572395324707
0.6738704144954681 6.204986095428467
0.7426252365112305 6.743914604187012
0.6512781232595444 7.082756996154785
0.7121848464012146 8.253922462463379
0.6475882232189178 9.736451148986816
0.7582952380180359 5.815677642822266
0.7031989991664886 6.010395050048828
0.6269034445285797 7.349268436431885
0.6211678236722946 7.483116149902344
0.8341306447982788 7.5200605392456055
0.6363811492919922 9.246965408325195
0.7027393281459808 7.563144207000732
0.7114989310503006 8.375748634338379
0.9157597124576569 6.344253063201904
0.7764379680156708 5.974283695220947
0.7250387370586395 5.824207782745361
0.6916333734989166 6.970670223236084
0.7866006791591644 5.759554386138916
0.9539172351360321 6.193838596343994
0.8119904696941376 4.83710241317749
0.5649975687265396 10.177107810974121
0.578287661075592 7.912756443023682
0.759840726852417 6.146965980529785
0.5981344878673553 7.1267242431640625
0.7454749941825867 6.075010776519775
1.0863075256347656 5.088470935821533
0.6514512747526169 7.081236839294434
1.0636402070522308 3.588808298110962
1.184144139289856 5.692910671234131
0.6544989049434662 8.100878715515137
0.7576824724674225 5.435948371887207
0.6254908740520477 6.589173793792725
0.7012820243835449 5.842235565185547
0.6469767540693283 6.827095985412598
0.7111153602600098 7.14098596572876
0.6860348135232925 9.07125473022461
0.7077784240245819 7.908597469329834
0.6454234421253204 7.471200466156006
0.6111777871847153 8.230960845947266
0.6798312216997147 6.382593154907227
0.720750242471695 6.5673394203186035
0.6565451323986053 8.977946281433105
1.2149334847927094 6.6090803146362305
0.5496097207069397 10.122428894042969
0.7078377902507782 9.732232093811035
0.5634170025587082 11.635705947875977
0.7281586527824402 7.489192485809326
0.7217005342245102 10.075153350830078
0.6684942841529846 6.725211143493652
0.810486912727356 5.425105571746826
0.6859046518802643 7.106500148773193
0.6978346407413483 6.981889724731445
0.7083471119403839 7.59632682800293
0.6164190471172333 6.548977375030518
0.6375255435705185 7.912940502166748
0.6939277052879333 5.992981910705566
0.6315804719924927 7.065045356750488
0.8060632646083832 6.579743385314941
0.625085175037384 5.574884414672852
0.6951342821121216 6.8418869972229
0.6379370093345642 7.011751651763916
0.6817645579576492 8.012163162231445
0.6700858771800995 7.466928482055664
0.668932631611824 5.508339881896973
0.6476263850927353 11.197454452514648
0.6078237295150757 8.068648338317871
0.9376349747180939 6.789841651916504
0.686156302690506 8.296258926391602
0.7666448652744293 7.073626518249512
0.8515385985374451 5.859776020050049
0.7842052280902863 5.970451831817627
0.8400893211364746 5.764827251434326
0.9461429417133331 5.492988586425781
0.788787305355072 7.901875972747803
0.6652892082929611 6.964601039886475
0.743150532245636 5.857598781585693
0.5771592110395432 9.536715507507324
0.7305810749530792 6.321645736694336
0.7408556640148163 7.325926780700684
0.6504913568496704 9.304838180541992
0.6575979888439178 7.379007339477539
0.7516647577285767 9.835456848144531
0.6222251504659653 9.750798225402832
0.5444758236408234 11.887395858764648
0.7137880027294159 6.645969390869141
0.8399449586868286 5.623444080352783
0.7334065437316895 7.405232906341553
0.5440004020929337 7.6578521728515625
0.5954383015632629 8.116024017333984
0.7876547873020172 9.233820915222168
0.7241054475307465 6.5528244972229
0.7468568384647369 6.8045196533203125
0.6792131811380386 9.777830123901367
0.7491143047809601 8.945337295532227
0.5845813155174255 7.224708080291748
0.6447646617889404 7.934633255004883
0.6195752024650574 8.02333927154541
0.5652066618204117 10.09048843383789
0.727360799908638 9.50230598449707
0.6062241941690445 8.246800422668457
0.6803621351718903 7.7973761558532715
0.9379699528217316 6.813287734985352
0.7391133308410645 5.906219959259033
0.6996663808822632 8.395618438720703
0.7057150900363922 8.636007308959961
0.7367647290229797 7.523029327392578
0.6619697213172913 6.385854244232178
0.6439309120178223 5.842347621917725
0.704124242067337 8.56468391418457
0.8512972295284271 5.538125991821289
0.5813203454017639 7.9421706199646
0.6104095280170441 6.708192825317383
0.6074187755584717 10.07958698272705
0.6809736490249634 7.539866924285889
0.6359067112207413 7.399296283721924
0.6906656473875046 9.42149543762207
0.6874978840351105 7.27921724319458
0.861719936132431 5.7383551597595215
0.7268192619085312 9.023320198059082
0.6690638065338135 10.55793571472168
0.5685158967971802 8.966650009155273
0.5521898716688156 9.63541316986084
0.6237525641918182 7.793787956237793
0.7639130353927612 5.400492191314697
0.7310494184494019 7.028892517089844
0.5550127029418945 8.651564598083496
0.8828461766242981 7.47615385055542
0.7041147798299789 8.643770217895508
0.622796043753624 9.165112495422363
0.7663021683692932 7.709092140197754
0.5741298943758011 7.429143905639648
0.6719074994325638 6.769628524780273
0.6342077851295471 6.669462203979492
0.5519543588161469 10.767965316772461
0.7168993651866913 7.830447673797607
0.9547988474369049 5.479275703430176
0.8011251986026764 6.5388102531433105
0.6860756874084473 5.970626354217529
0.835797131061554 6.203619956970215
0.6900656968355179 7.534865856170654
0.6586574912071228 6.089054584503174
0.5890918523073196 9.320174217224121
0.6957625150680542 9.185707092285156
0.7660609185695648 6.171219825744629
0.5449302494525909 11.005840301513672
0.7496089339256287 9.652408599853516
0.6308134645223618 13.554070472717285
0.6510037481784821 9.588969230651855
0.6436512023210526 8.257377624511719
0.5547246336936951 7.984561443328857
0.6201567351818085 7.429174900054932
0.5946196168661118 8.515483856201172
0.6824865490198135 8.310956954956055
0.6405453532934189 6.652002334594727
0.6065717935562134 7.815299034118652
0.6251962780952454 8.014286041259766
0.667009174823761 8.14661693572998
0.6712520867586136 6.903203964233398
0.5817905515432358 8.939116477966309
0.7349139750003815 8.728898048400879
0.5356693118810654 7.481781482696533
0.6076405048370361 8.067344665527344
0.5870648622512817 7.607184410095215
0.5661177635192871 10.028329849243164
0.7065673470497131 6.457759380340576
0.7962108254432678 6.997470855712891
0.5901072323322296 7.857969284057617
0.6351367235183716 6.701033592224121
0.6544274538755417 6.740248203277588
0.5937002152204514 9.424871444702148
0.6165505200624466 6.352648735046387
0.6857615113258362 6.927963733673096
0.6578635275363922 8.421756744384766
0.6333501040935516 7.2496795654296875
0.5759989023208618 6.290441989898682
0.7301198840141296 6.7996087074279785
0.7589059174060822 5.0659356117248535
1.1290516406297684 5.479952812194824
0.7146799713373184 8.362395286560059
0.5703875422477722 7.9960432052612305
0.5429174900054932 8.310641288757324
0.5445796251296997 9.067028999328613
0.5437639504671097 10.401049613952637
0.6163234114646912 8.779126167297363
0.7578540146350861 7.132663726806641
0.6402860432863235 7.960066318511963
0.6292534470558167 10.192215919494629
0.5569125562906265 7.92717170715332
0.7116813361644745 7.193252086639404
0.6791398525238037 7.615525245666504
0.867360383272171 6.427221298217773
0.5677263736724854 6.943532466888428
0.5963402092456818 7.579540729522705
0.5575892329216003 8.800156593322754
0.5621930211782455 8.966320991516113
0.6091106683015823 5.820143699645996
0.6152946054935455 9.402056694030762
0.6835654228925705 8.324543952941895
0.7968043386936188 7.059152603149414
0.6087702810764313 8.1914701461792
0.5893470644950867 7.960232257843018
0.5695991665124893 7.731489658355713
0.6483361274003983 7.383525371551514
0.5798077583312988 10.386800765991211
0.5687066465616226 9.148887634277344
0.718917652964592 8.746545791625977
0.6255524009466171 7.396145343780518
0.6775959879159927 7.9703168869018555
0.6627350449562073 6.276484966278076
1.0423649549484253 4.695531845092773
0.7768403589725494 7.3882880210876465
0.5436786562204361 7.324454307556152
0.8706008195877075 6.764464378356934
0.7094011008739471 6.102475643157959
0.78339022397995 9.0078125
0.5694436430931091 10.087198257446289
0.6279289275407791 9.704044342041016
0.597430482506752 7.650580406188965
0.5642091184854507 8.206131935119629
0.6830198466777802 7.060182571411133
0.610672727227211 7.630788326263428
0.740387350320816 6.942435264587402
0.5551355481147766 6.948629379272461
0.6204157471656799 8.09248161315918
0.5928385555744171 7.195075511932373
0.7951220273971558 5.920654296875
0.7230900526046753 7.163051128387451
0.706735759973526 4.7934980392456055
0.653630718588829 7.455610275268555
0.549025371670723 7.56630277633667
0.7209785580635071 6.911892414093018
0.7038303017616272 7.604560852050781
0.7384113073348999 8.282513618469238
0.676805317401886 6.874391078948975
0.6214376240968704 6.567539691925049
0.7956955432891846 6.8776326179504395
0.6981313526630402 7.864415168762207
0.5704724788665771 7.498200416564941
0.5512482821941376 7.8834052085876465
0.6696566492319107 8.73165512084961
0.6096750646829605 8.109297752380371
0.7218741476535797 6.918192386627197
0.7565124332904816 6.902047157287598
0.5903971940279007 8.360930442810059
0.6323501318693161 8.912580490112305
0.569408506155014 9.346369743347168
0.6410744190216064 9.643157005310059
0.5818276554346085 9.532988548278809
0.7120253145694733 7.021263122558594
0.6587058156728745 7.916106224060059
0.6468316912651062 7.2768874168396
0.8004092574119568 8.315564155578613
0.5607408881187439 7.883847713470459
0.7187281847000122 10.834478378295898
0.7257581055164337 7.5052008628845215
0.6355556845664978 5.681890487670898
0.6691485047340393 6.530550479888916
0.6856227815151215 7.483712673187256
0.7138680517673492 7.278905391693115
0.7421923875808716 7.026476860046387
0.599498376250267 8.106050491333008
0.6102981269359589 8.275089263916016
0.923591285943985 9.785388946533203
0.6145932078361511 6.487706661224365
0.6518334448337555 9.030439376831055
0.6755738109350204 8.59355640411377
0.640544056892395 7.076815128326416
0.7413463294506073 8.134891510009766
0.7378715872764587 6.817855358123779
0.6852759718894958 9.070852279663086
0.6241709291934967 10.52184009552002
0.7375950813293457 7.573021411895752
0.6875552535057068 7.362829685211182
0.5479608923196793 11.286588668823242
1.0390354990959167 6.4972710609436035
0.6115827858448029 6.0813493728637695
0.7565679550170898 9.463183403015137
0.6991956830024719 7.63142204284668
0.8724222183227539 7.587250709533691
0.5737911760807037 9.878555297851562
0.938946083188057 5.299801826477051
0.6632835566997528 7.777133941650391
0.5776883959770203 8.99075698852539
0.6708308756351471 5.470166206359863
0.6182076930999756 7.239202976226807
0.7925951480865479 6.845521926879883
0.6478476524353027 6.257727146148682
0.717993289232254 6.9927778244018555
0.628179132938385 6.2982988357543945
0.8031818866729736 5.986595630645752
0.7231984436511993 6.216794490814209
0.7685922086238861 6.971383571624756
0.6900198459625244 8.637490272521973
0.6625171899795532 7.083935260772705
0.7638460695743561 6.829999923706055
1.0007984042167664 7.172356128692627
0.6553221791982651 7.235210418701172
0.7646372318267822 9.416916847229004
0.6059923470020294 9.934394836425781
0.9465622454881668 7.266786098480225
0.6558904349803925 9.079896926879883
0.6312737017869949 8.25053882598877
0.5835767686367035 9.366929054260254
0.5775070935487747 8.924039840698242
0.5881090462207794 6.858828544616699
0.5745771080255508 6.9625468254089355
0.7596516907215118 6.9225850105285645
0.6280866116285324 7.45539665222168
0.7686569392681122 7.271845817565918
0.6826380789279938 7.60299015045166
0.6579325795173645 7.749019622802734
0.6669252514839172 7.040809154510498
0.6666108071804047 5.573446273803711
0.7349461615085602 6.274634838104248
0.8286898881196976 8.09566593170166
0.9569227695465088 5.598758220672607
0.83925461769104 6.821755409240723
0.6516730338335037 9.833505630493164
0.6745239645242691 8.211740493774414
0.7017495036125183 7.565856456756592
0.6330206990242004 5.705450057983398
0.5770854949951172 7.205877304077148
0.6496427059173584 8.614322662353516
0.9898345470428467 6.3383469581604
0.7820206880569458 6.437121391296387
0.8840257972478867 7.166213512420654
0.6322952210903168 6.997340679168701
0.7056272327899933 7.354379177093506
0.83510622382164 8.769062995910645
0.6124578565359116 8.379159927368164
0.9009904861450195 8.443068504333496
0.7045441269874573 9.56921672821045
0.5782655328512192 8.774765968322754
0.7036933898925781 6.090734481811523
0.5553682744503021 8.787607192993164
0.684333547949791 8.011307716369629
0.6454510390758514 9.074308395385742
0.585800513625145 8.1912202835083
0.8445057570934296 7.4676618576049805
0.7412616312503815 11.318397521972656
0.6403908878564835 8.735673904418945
0.566680908203125 10.177789688110352
0.7115249037742615 7.946184158325195
0.7042837142944336 6.8625993728637695
0.7337429523468018 6.547469615936279
0.708758533000946 6.1433634757995605
0.790081113576889 8.5452299118042
0.5623826533555984 11.708891868591309
0.6253955364227295 7.612593650817871
0.5475778877735138 8.674541473388672
0.7582589834928513 8.018851280212402
0.7385372817516327 6.943961143493652
0.634529709815979 9.182296752929688
0.6298998445272446 7.179592132568359
1.085694134235382 6.569199085235596
0.7585351467132568 6.505914211273193
0.7027823030948639 7.2628655433654785
0.7992802560329437 6.065350532531738
0.7407847344875336 8.383512496948242
0.552496001124382 9.551350593566895
0.5469045042991638 7.838199615478516
0.6004888713359833 8.762784004211426
0.7986036688089371 10.490421295166016
0.6024297922849655 10.520153999328613
0.862007662653923 8.054510116577148
0.5791021883487701 11.016582489013672
0.7453269064426422 7.827218055725098
0.6558042466640472 8.87169361114502
0.5681373029947281 8.910789489746094
0.8229130208492279 6.928353309631348
0.7394329458475113 8.481590270996094
0.7205872237682343 5.4651665687561035
0.7156327366828918 6.8154120445251465
0.7898184657096863 4.848175525665283
0.6501979678869247 6.768459320068359
0.9075570404529572 5.94565486907959
0.6583747565746307 7.8095550537109375
0.6406199634075165 6.598012924194336
0.834465280175209 7.865117073059082
0.6459132730960846 7.481170654296875
0.5732192844152451 8.704202651977539
0.6896674335002899 6.979381561279297
0.898282378911972 4.608789443969727
0.6119629144668579 8.078374862670898
0.680382177233696 9.500614166259766
0.8245272040367126 6.939652442932129
0.7242057025432587 9.344626426696777
0.7646416127681732 6.967001914978027
0.7763067483901978 4.716467380523682
0.6131531149148941 7.909940719604492
0.5969991087913513 9.216577529907227
0.7686194777488708 7.796638488769531
0.8792868852615356 5.759665012359619
0.6593141853809357 9.514896392822266
0.729289323091507 7.601864337921143
0.7359756231307983 8.264267921447754
0.61322021484375 8.2429838180542
0.6235607117414474 6.008054733276367
0.638401135802269 9.282954216003418
0.6646554917097092 8.828876495361328
0.6603212654590607 7.896917343139648
0.7279261946678162 6.976574897766113
0.6904442608356476 8.10216236114502
0.700090080499649 7.475713729858398
0.9464979767799377 5.314341068267822
0.8044143915176392 7.540416717529297
0.70966637134552 4.956387042999268
0.937678188085556 5.291296005249023
0.7237040102481842 6.11735725402832
0.874162495136261 8.306241035461426
0.8116796612739563 7.479674816131592
0.6129124611616135 7.510584354400635
0.7212361693382263 5.7064208984375
0.6121367663145065 8.694639205932617
0.635603204369545 9.293627738952637
0.702436089515686 6.899720668792725
0.7343845963478088 7.0535383224487305
0.6403933763504028 7.4185051918029785
0.6610012352466583 7.0457234382629395
0.8112435340881348 7.91937255859375
0.8495415151119232 7.168161869049072
0.909258097410202 5.216392517089844
0.9610530734062195 4.9391961097717285
0.7408477067947388 7.338244915008545
0.8189119398593903 7.7476277351379395
0.8180075883865356 7.281164646148682
0.7137516587972641 6.26537561416626
0.8802928626537323 5.92505407333374
0.8190112411975861 8.042808532714844
0.8263135850429535 8.176447868347168
0.793393075466156 7.9041876792907715
0.8404203057289124 5.339298248291016
0.8330914974212646 6.5130295753479
0.8055936694145203 4.811042785644531
0.7922122627496719 7.490299224853516
0.7579607218503952 7.963147163391113
0.7055901437997818 8.838030815124512
0.696164071559906 8.248815536499023
0.6719028949737549 7.985344409942627
0.653099775314331 7.6798095703125
0.7335169017314911 7.532584190368652
0.6870686113834381 7.149997234344482
0.8583036065101624 6.9866251945495605
0.7500599920749664 8.918134689331055
0.6650463044643402 7.213047027587891
1.1701125800609589 6.110223770141602
0.6689386516809464 6.556746959686279
0.5871866643428802 10.254936218261719
0.7360452115535736 5.822116851806641
0.6391159892082214 7.199123859405518
0.6418104767799377 8.635514259338379
0.6177102625370026 6.744770526885986
0.9108504056930542 6.231358051300049
0.6917378604412079 6.314489841461182
0.8308078646659851 6.2874555587768555
0.6835649311542511 7.107808589935303
0.7040631771087646 7.072888374328613
0.8433306217193604 5.540818214416504
0.7133553326129913 4.7652740478515625
0.7864164263010025 8.22951889038086
0.7163244783878326 5.830217361450195
0.7637591660022736 7.464466094970703
0.7165023386478424 5.886599063873291
0.9800198078155518 8.53813648223877
0.859033465385437 6.677237033843994
0.5533144026994705 10.560809135437012
0.6019663214683533 8.086725234985352
0.603037029504776 8.013655662536621
0.7235187888145447 8.17788028717041
0.7958225011825562 6.823488235473633
0.6903432905673981 6.292874336242676
0.5613487362861633 7.185360908508301
0.6614951491355896 6.782245635986328
0.8122203946113586 6.0959086418151855
0.7724290490150452 6.377495288848877
0.7217645943164825 5.990079402923584
0.6551317274570465 7.644931793212891
0.8108431994915009 5.377621650695801
0.947198212146759 5.636847019195557
0.6885381937026978 6.020655155181885
0.7792523801326752 6.578842639923096
0.6733447164297104 6.376517295837402
0.8567784428596497 6.458728313446045
0.7764315009117126 7.689549446105957
0.6527732312679291 7.799566745758057
0.8653246164321899 5.716892242431641
0.626234233379364 5.456865310668945
0.7392196208238602 7.142876625061035
0.6724139004945755 6.365209579467773
0.6996358633041382 6.653041839599609
0.7168246805667877 7.570518970489502
0.7427197992801666 5.9209465980529785
0.8260402083396912 8.503128051757812
0.6544577181339264 8.02392292022705
0.7405357956886292 9.482155799865723
0.780219703912735 6.160591125488281
0.7980852425098419 6.6289448738098145
0.819020539522171 5.870743274688721
0.805431455373764 6.63267183303833
0.6128665804862976 8.219054222106934
0.7590919733047485 5.74038028717041
0.9628124535083771 4.989280700683594
0.6742734909057617 4.623692989349365
0.6506291329860687 5.329010009765625
1.1836908608675003 6.327365398406982
0.7184192985296249 8.170388221740723
0.7586784958839417 7.322939395904541
0.7354728877544403 6.834686279296875
0.782401978969574 6.286391258239746
0.9131928086280823 5.605518341064453
0.7718241661787033 9.471299171447754
0.7439611852169037 6.549411296844482
0.887682318687439 6.527260780334473
0.747782975435257 5.948403358459473
0.8917693495750427 7.897536754608154
0.8079781830310822 7.012103080749512
0.6982689201831818 4.896889686584473
0.8235531747341156 5.345357418060303
0.8820675313472748 5.967539310455322
0.9074665606021881 5.599987030029297
0.915157288312912 7.3088908195495605
0.6488055437803268 8.978302001953125
0.6479401290416718 7.696858882904053
0.5824077427387238 8.4176607131958
0.6208377778530121 8.155969619750977
0.7669259607791901 6.795714378356934
0.6294499784708023 7.727306365966797
0.727019801735878 8.050886154174805
1.0057123601436615 6.1500701904296875
0.73088139295578 6.855639457702637
0.7931617200374603 8.108966827392578
0.6825854033231735 7.261109352111816
0.7796651422977448 7.290187358856201
0.745809942483902 7.63939905166626
0.6650990098714828 6.493144989013672
0.9164426326751709 6.452361106872559
0.8822931498289108 6.52590799331665
0.8043368756771088 6.749907493591309
0.8305165767669678 6.45320987701416
0.6075288951396942 7.196878433227539
0.9059838354587555 5.8089752197265625
0.6819288432598114 7.835411548614502
0.6167435348033905 7.370486736297607
0.7995936572551727 6.134407997131348
0.9188119173049927 6.960265159606934
0.8545767068862915 6.887546539306641
0.8995186686515808 4.357251167297363
0.9777388572692871 5.594007968902588
0.8305105566978455 6.0939836502075195
0.6572202295064926 6.201403617858887
0.8838578462600708 5.106146812438965
0.6508191078901291 7.124556541442871
0.8124948143959045 5.233836650848389
0.7332581281661987 6.110934257507324
0.7345546185970306 6.800847053527832
0.7460567951202393 5.543423175811768
0.6991535425186157 7.466660499572754
0.9249144494533539 6.305112838745117
0.6476072669029236 6.527805328369141
0.7111683785915375 7.712362766265869
0.8109108507633209 6.709777355194092
0.7046248912811279 6.738983154296875
0.7709634900093079 6.588493347167969
0.6089188754558563 8.275343894958496
0.7636334598064423 6.25068473815918
0.8482372164726257 5.9468159675598145
0.600452795624733 9.041056632995605
0.8187583684921265 9.038033485412598
0.7225783914327621 9.81386947631836
0.7742593288421631 7.058023929595947
0.7523451745510101 9.465413093566895
0.7593520879745483 5.972026824951172
0.6669769585132599 8.3731050491333
0.7355093210935593 7.160548210144043
0.8015738129615784 5.959932804107666
0.7034695744514465 5.97865629196167
0.7420172244310379 7.3919806480407715
0.671908363699913 7.738662242889404
0.6879856884479523 8.39883041381836
0.7349540293216705 7.212614059448242
0.6727007776498795 6.0052080154418945
0.7990337610244751 6.929038047790527
0.7297885715961456 7.32719612121582
0.8888750672340393 5.818456172943115
0.6978931427001953 9.050857543945312
0.8485664427280426 4.811723232269287
0.8721140027046204 9.840351104736328
0.8380297422409058 6.56749153137207
0.6647887825965881 7.79834508895874
1.0889767706394196 9.117520332336426
0.6215976774692535 7.730130195617676
0.7063890099525452 7.57997465133667
0.6336144506931305 6.986985206604004
0.8556818962097168 7.679861545562744
0.6584513783454895 6.174182415008545
0.9336378276348114 7.292346477508545
0.7213927507400513 7.2143378257751465
0.6522946059703827 5.610457897186279
0.9283590614795685 4.445401191711426
0.9504922926425934 6.125538349151611
0.8933852910995483 7.486674785614014
0.7948333323001862 6.652298450469971
0.7322123646736145 5.976411819458008
0.6697662472724915 8.193455696105957
0.8629550635814667 5.362288951873779
1.0681865513324738 5.545986175537109
1.0232607424259186 4.511739253997803
1.187303364276886 4.9238810539245605
0.6889774203300476 6.07661771774292
0.7260424643754959 6.705895900726318
0.7782104313373566 5.848331928253174
0.810585081577301 5.628977298736572
0.8611749112606049 4.061767101287842
0.7879633903503418 4.636869430541992
0.774423360824585 5.036801338195801
0.7993078231811523 3.636066436767578
0.8072648048400879 4.46208381652832
0.8677735030651093 4.524345874786377
0.7983432561159134 4.984194755554199
1.0676236748695374 6.592563152313232
0.9918674528598785 4.958500385284424
0.7758435606956482 5.751713275909424
0.8241512179374695 5.007376194000244
0.7004303932189941 6.990786552429199
0.8185361623764038 6.036380767822266
0.8150989413261414 6.6147260665893555
0.7024083733558655 6.890310287475586
0.7551657855510712 6.7763824462890625
0.7608455419540405 5.8652873039245605
0.6856842041015625 5.208764553070068
0.8548179119825363 7.236909866333008
0.7213464081287384 8.20664119720459
0.605067253112793 6.640083312988281
0.7683699429035187 5.0706024169921875
0.6262802481651306 6.6882853507995605
0.9262032508850098 4.636630058288574
1.0818167924880981 4.43061637878418
0.8116606175899506 5.139993667602539
0.8234156370162964 4.659469127655029
0.7278536260128021 4.630115509033203
1.1171749234199524 3.552523136138916
0.8101531267166138 6.190667152404785
0.8352172076702118 5.803238391876221
0.6956050992012024 5.547505855560303
0.8048313558101654 4.776121616363525
0.8529063016176224 7.251871585845947
0.9778667986392975 5.601497650146484
0.8162373304367065 6.897768974304199
1.0519815981388092 5.6620941162109375
0.9259140193462372 5.168390274047852
0.7905714213848114 6.730153560638428
0.6891287863254547 6.052271842956543
0.8038819134235382 5.974162578582764
0.7912077605724335 6.3399176597595215
0.7352952659130096 5.350297451019287
0.7048453688621521 5.810479164123535
0.7482931911945343 7.322414875030518
0.6656994521617889 6.875051498413086
0.642947793006897 7.744032859802246
1.0320383608341217 5.154183387756348
0.6917823553085327 5.166877269744873
0.7962330877780914 5.773467540740967
0.9841886162757874 5.520392417907715
0.8010889291763306 4.6845855712890625
0.9534978568553925 4.3126912117004395
1.0211917459964752 5.042220115661621
0.8055587410926819 5.136048316955566
1.0879786014556885 3.731393575668335
0.9146687388420105 4.439780235290527
0.7297633588314056 5.7169365882873535
0.7839312553405762 5.412068843841553
0.8841929137706757 5.182292461395264
1.0360114723443985 5.229522705078125
0.833188533782959 6.466475963592529
0.7522022128105164 6.180677890777588
0.6910553574562073 5.990293979644775
0.9712763577699661 5.514886379241943
0.6715411096811295 7.22639274597168
0.6377021968364716 6.78748083114624
0.7165516316890717 7.972224235534668
0.7999039590358734 5.178293228149414
0.9103902578353882 5.531635284423828
0.6512919068336487 7.7791290283203125
1.248844563961029 4.561954975128174
0.630089208483696 7.514865875244141
0.784126952290535 7.1741228103637695
0.7383804172277451 6.328705310821533
1.0136831402778625 5.757112979888916
0.831188976764679 4.049137592315674
0.7088422477245331 7.508794784545898
0.6564077138900757 6.106128692626953
0.7980735898017883 5.403605937957764
1.3331243395805359 3.1685731410980225
0.9835174381732941 4.279447555541992
0.9457677602767944 5.415496826171875
0.7326927334070206 6.921859264373779
0.9712412357330322 5.367376327514648
0.6673080623149872 6.998061180114746
0.8169749975204468 5.407051086425781
0.7990074455738068 6.024933338165283
0.6889751255512238 6.231011390686035
0.7675805985927582 5.566359519958496
0.7190333008766174 6.010465145111084
0.6928818821907043 6.61083459854126
0.7900438606739044 6.054649353027344
0.9265453517436981 5.785282611846924
0.8716841638088226 7.998907089233398
0.6793062686920166 7.38437032699585
0.7688735723495483 5.836322784423828
0.7041563987731934 5.535629749298096
0.8085880875587463 5.652641773223877
0.8712625801563263 5.129007816314697
0.9311963319778442 5.0865478515625
0.824908584356308 6.248520851135254
0.8598687052726746 5.6936163902282715
0.7294428646564484 8.10869026184082
0.7356599569320679 5.852410316467285
0.8060398995876312 6.087343692779541
0.7670758664608002 4.922257423400879
0.7319434583187103 5.2689433097839355
0.8247247040271759 5.877376556396484
0.8281763195991516 6.21923828125
0.7173483371734619 5.797179222106934
0.8483119010925293 5.232101917266846
0.6448445618152618 5.41485595703125
0.8371593356132507 5.919129848480225
0.8570310324430466 5.753085613250732
0.9098328948020935 4.855461120605469
0.7621752917766571 5.934225082397461
0.6982744783163071 6.35339879989624
0.7330934405326843 5.4756550788879395
0.7004019320011139 6.0810933113098145
0.8122968077659607 6.558631420135498
1.013159692287445 5.226480007171631
0.6720264852046967 5.383090496063232
0.9846244752407074 4.6196699142456055
0.9073445498943329 6.106842041015625
0.6271657049655914 6.091170310974121
0.7973977327346802 4.666379928588867
0.8122207522392273 4.756137847900391
0.8997149765491486 4.379364013671875
0.8771035373210907 4.820438861846924
0.6902946531772614 5.726956367492676
0.7144040763378143 5.205780982971191
0.7914483696222305 4.830780029296875
0.817679762840271 4.70869255065918
0.9255780279636383 5.294335842132568
0.8700107634067535 5.086741924285889
0.8398358374834061 6.985189914703369
0.8286250531673431 4.546151161193848
0.6791015267372131 5.765471458435059
0.8204579055309296 5.82959508895874
0.844174861907959 5.287806510925293
1.0670961141586304 4.209742069244385
1.1639207601547241 4.954963684082031
0.9405880570411682 4.52331018447876
0.9702003300189972 5.132132053375244
0.8642234206199646 5.049554347991943
0.7466916441917419 5.1532793045043945
0.8274814784526825 3.942000150680542
0.8163149356842041 5.3705315589904785
0.6496756970882416 5.9177141189575195
0.7541086077690125 6.295437812805176
0.7397979497909546 5.539590358734131
0.7320532649755478 6.285897254943848
0.9411453902721405 3.98626971244812
0.8072807192802429 5.897451400756836
0.7227324843406677 4.611983776092529
0.713866800069809 6.171187400817871
0.7025344371795654 5.808833122253418
0.7239154577255249 5.669178485870361
0.6736386865377426 6.507091522216797
0.7864540219306946 7.00930643081665
0.7690151035785675 6.462065696716309
0.783955842256546 6.386792182922363
0.679669201374054 5.3472771644592285
0.7629244327545166 5.297039031982422
0.7183833718299866 7.071558475494385
0.7951988577842712 5.670976638793945
0.9611049294471741 4.311228275299072
0.7266302108764648 5.196000099182129
0.858742892742157 5.357625484466553
0.7385260760784149 4.998581409454346
0.8822325468063354 5.062639236450195
1.0690674781799316 5.282702922821045
0.8147742450237274 5.083127975463867
0.9023928344249725 6.489647388458252
0.7197317481040955 6.838831424713135
0.7541591227054596 6.684937000274658
0.7231397330760956 4.108935356140137
0.8161270469427109 5.73173189163208
0.678929939866066 6.726524353027344
0.7803187966346741 4.9461188316345215
0.8909865319728851 5.2104597091674805
0.8558707535266876 5.951503276824951
0.7056556046009064 5.913708209991455
0.6743824630975723 5.832072734832764
0.7500320672988892 6.235035419464111
1.287483036518097 6.234045028686523
0.7307900637388229 6.204323768615723
0.6722105443477631 6.476954460144043
1.012396365404129 4.480915069580078
0.6659122705459595 8.68018913269043
0.8015792965888977 5.587093830108643
0.6334207952022552 7.480714321136475
0.6774105429649353 5.413053035736084
0.7139294445514679 9.182172775268555
0.7260698080062866 6.665626049041748
0.6656346619129181 6.576910972595215
0.8827722668647766 6.773496150970459
0.9636078178882599 4.062075614929199
0.7535637319087982 7.6570143699646
0.9211871027946472 5.725621700286865
0.7527477741241455 5.061216831207275
0.6800829768180847 6.897958755493164
0.7065302580595016 7.757413864135742
0.7307159751653671 7.676126480102539
0.7830715179443359 5.605550765991211
0.7648845911026001 5.915027141571045
1.1638608872890472 4.0440144538879395
0.8678751885890961 5.583899021148682
0.7453847229480743 6.0970964431762695
0.8495578467845917 4.2317728996276855
1.0098603069782257 4.5332417488098145
0.6948514580726624 5.149979114532471
0.9841937720775604 4.178672790527344
0.8622775077819824 5.750192165374756
0.8119995296001434 6.848836898803711
0.7763514816761017 6.4096360206604
0.633825421333313 5.009803295135498
0.6955606937408447 5.532035827636719
0.7316718697547913 5.261476516723633
0.7504701167345047 5.858397006988525
0.8010140657424927 6.033641815185547
0.7468477189540863 4.696248531341553
0.840691402554512 5.879689693450928
0.6555429697036743 6.950267791748047
0.7024983018636703 7.455722808837891
0.7410937547683716 5.809215545654297
0.6753349751234055 7.08686637878418
0.8709229528903961 5.3324761390686035
0.7045776546001434 6.34293794631958
0.6374286413192749 5.339334964752197
0.72136589884758 6.193277359008789
0.7125090658664703 5.275454521179199
0.656088650226593 5.541843414306641
0.8132580816745758 6.927120685577393
0.8787369430065155 6.9405741691589355
0.6879887580871582 4.968296527862549
0.9207101464271545 4.571498394012451
0.799124538898468 6.606901168823242
0.8525322377681732 5.361461162567139
0.6179901510477066 6.838144779205322
0.9354741275310516 6.193208694458008
0.747692734003067 5.654489040374756
0.9568057358264923 4.261407375335693
0.8519711494445801 4.746211528778076
0.813427284359932 5.419683933258057
0.9171079993247986 4.238497257232666
0.635615661740303 5.257972240447998
0.700963169336319 6.669395923614502
0.6369720995426178 5.063439846038818
0.7986754477024078 5.0615315437316895
0.7961609065532684 5.183661937713623
0.7050005495548248 5.707301616668701
0.7519756257534027 5.074368953704834
0.7287839651107788 5.857117176055908
0.7483009696006775 5.192490100860596
0.6674100756645203 5.595707893371582
1.0989370346069336 4.229215621948242
0.7951168715953827 3.458324432373047
0.7722959965467453 6.249738693237305
0.6649932265281677 4.9566240310668945
0.6503267586231232 5.36824369430542
0.7776068449020386 4.192346572875977
0.6537085622549057 5.377498626708984
0.6155059486627579 5.070106029510498
0.7298968136310577 4.0774922370910645
0.7768606543540955 5.791253089904785
0.8572688102722168 4.08194637298584
0.7361617982387543 4.284745216369629
0.7734401524066925 4.619522571563721
0.9554393887519836 5.321166515350342
0.6670727878808975 7.054823398590088
0.74589404463768 4.644258499145508
0.709474727511406 6.672674655914307
0.679701566696167 5.8492255210876465
0.8204394578933716 5.3945112228393555
0.7167087495326996 6.093497276306152
0.6637299656867981 6.133790493011475
0.7076185047626495 6.477780818939209
0.7473059147596359 5.989404201507568
0.5991008281707764 6.875864028930664
0.6685326099395752 6.338597297668457
0.8129646182060242 6.414947986602783
0.8368739485740662 4.6565632820129395
0.6539484858512878 6.126265048980713
0.6696361303329468 5.281488418579102
0.8481130599975586 4.193251609802246
0.6127022504806519 6.530560493469238
0.7730370759963989 6.479060649871826
0.7431318461894989 6.443389892578125
0.6196499317884445 6.7992329597473145
0.8170063197612762 5.871579647064209
0.6854348331689835 6.195528030395508
0.7792097628116608 5.900346279144287
0.7427556812763214 5.275885581970215
0.7094444632530212 5.781579494476318
0.8694389164447784 5.578928470611572
0.5998456180095673 6.99722146987915
0.7956139445304871 5.793978691101074
0.7181145548820496 4.633392810821533
0.7082353681325912 6.844511032104492
0.7906712293624878 4.615511417388916
1.2918464839458466 5.457709789276123
0.8115688562393188 7.362569332122803
0.7151454389095306 5.677628517150879
0.7277625799179077 7.460489273071289
0.7118250727653503 8.63896369934082
0.8068205416202545 5.3177361488342285
0.7995527684688568 5.507797718048096
0.6903694570064545 5.565140724182129
0.8501263856887817 3.8273584842681885
0.8601896464824677 5.322630882263184
0.7197450995445251 6.617928981781006
0.6659714579582214 5.64919900894165
0.6285495907068253 5.515186786651611
0.6938669234514236 5.556654453277588
0.7019980549812317 4.903251647949219
0.6150991916656494 7.134130954742432
0.7107752561569214 6.137925148010254
0.6866547912359238 5.695395469665527
0.6822116076946259 5.479545593261719
0.7583180367946625 5.039674758911133
0.6919326484203339 4.681280136108398
0.7723235189914703 4.652648448944092
0.8185900151729584 5.134357452392578
0.6166060566902161 5.755186080932617
0.6328106820583344 5.585691452026367
0.7256881296634674 5.4627251625061035
0.6632350832223892 5.418826580047607
0.7170822024345398 4.749833583831787
0.7260251194238663 5.953723907470703
0.9754803478717804 4.535948753356934
0.9154280722141266 5.25281286239624
0.9451163411140442 5.368969440460205
0.7520394623279572 5.779743671417236
0.6691311597824097 5.7772722244262695
0.6567505598068237 5.502832889556885
0.6984661221504211 5.218366622924805
0.7061980962753296 5.349719524383545
0.7353501617908478 5.207987308502197
0.8266132473945618 4.193563461303711
0.7491420805454254 4.63018274307251
0.8183823227882385 3.8640005588531494
0.8385489583015442 3.969075918197632
0.9010273516178131 4.5969624519348145
0.9750781059265137 5.351064682006836
0.6754867732524872 5.428203582763672
0.7210589945316315 5.273984909057617
0.7273493409156799 6.421903133392334
0.635981097817421 6.608531475067139
0.5854997336864471 7.071693420410156
0.6938302516937256 5.335960388183594
0.7149156630039215 4.737903594970703
0.7132938802242279 4.994153022766113
0.6586766242980957 6.430978775024414
0.6057934314012527 5.351423740386963
0.7188429236412048 5.404285430908203
0.6812108159065247 5.7591071128845215
0.8032836616039276 4.420733451843262
0.6369166523218155 6.276025295257568
0.6053331047296524 6.258001327514648
0.6231415271759033 5.709109306335449
0.893078088760376 4.942049503326416
0.7254250347614288 6.509729862213135
0.6461042314767838 5.135997772216797
0.8173232674598694 5.122262954711914
0.6500494182109833 5.888202667236328
0.7138692438602448 5.921450138092041
0.6500900238752365 5.31439208984375
0.7280475199222565 7.366970539093018
0.6877954304218292 5.487421989440918
0.6772464215755463 5.903890609741211
0.656068354845047 6.277527332305908
0.667397141456604 7.059484481811523
0.7311164140701294 5.376415729522705
0.559255987405777 5.396985054016113
0.5965898036956787 5.955576419830322
0.7492705881595612 5.648096084594727
0.7335098683834076 4.120307445526123
0.7453630566596985 5.832120895385742
0.6991375088691711 5.397472381591797
0.6697646379470825 6.061434268951416
0.780299186706543 4.091312885284424
0.6650753319263458 4.879297256469727
0.9435273110866547 5.350026607513428
0.6842341274023056 6.6307220458984375
0.7155660837888718 5.486142158508301
0.7617631554603577 5.629953384399414
0.7963882386684418 6.107480049133301
0.7119364440441132 4.991840839385986
0.7691976726055145 4.257077217102051
0.7635989487171173 3.9956634044647217
0.643820270895958 4.86890172958374
0.8399839699268341 5.604149341583252
0.6704340279102325 5.71370792388916
0.6953617036342621 5.1637468338012695
0.8015002608299255 5.063925743103027
0.6372621953487396 5.681942462921143
0.7543182075023651 4.8797101974487305
0.7922295033931732 5.244227409362793
0.8443772941827774 6.230863094329834
0.6048562675714493 6.373366832733154
0.556537926197052 5.624320983886719
0.6252202987670898 5.207584381103516
0.664683073759079 5.874943256378174
0.6942273080348969 5.483821868896484
0.5946392267942429 5.462996006011963
0.6384468674659729 6.203439235687256
0.6458780467510223 5.585065841674805
0.6802293658256531 4.961864948272705
0.7135341167449951 5.523881435394287
0.6618757247924805 5.612629413604736
0.6542206108570099 5.837228775024414
0.7297531068325043 5.176504611968994
0.5885164439678192 5.656968593597412
0.6494973450899124 6.098903656005859
0.6273001581430435 5.9991536140441895
0.699656754732132 4.578591823577881
0.7635663151741028 4.295253753662109
0.7647058963775635 5.204967498779297
0.6315131038427353 5.536376476287842
0.658200740814209 5.187180519104004
1.2658683955669403 4.0751214027404785
0.7661245167255402 5.687572479248047
0.6127602010965347 5.347202777862549
0.9148419797420502 4.575559616088867
0.9068987965583801 4.786439418792725
0.630803108215332 5.852976322174072
0.644287034869194 5.402650833129883
0.7361193299293518 5.345173358917236
0.6287274658679962 5.761390686035156
0.8646631240844727 5.422211170196533
0.585424467921257 6.013480186462402
0.8404305875301361 5.809243202209473
0.5911590307950974 6.090816020965576
0.6245144009590149 5.779517650604248
0.6237558722496033 5.754225730895996
0.7061156332492828 5.388886451721191
0.667686328291893 6.740396499633789
0.7033614814281464 5.0049214363098145
0.7435424625873566 4.516897201538086
0.683358371257782 4.615311145782471
0.6515498161315918 4.806998252868652
0.5898635238409042 5.713071823120117
0.5943073332309723 5.8056535720825195
0.6350785493850708 5.820415496826172
0.692710667848587 5.326435565948486
0.6212530732154846 5.3335418701171875
0.7256492972373962 6.19868803024292
0.6048468500375748 5.093484878540039
0.7682670652866364 4.705668926239014
0.6565130949020386 5.70081901550293
0.6046454012393951 6.045848846435547
0.8443226367235184 6.138990879058838
0.5893857181072235 6.229592323303223
0.658679872751236 6.26447057723999
0.7801443040370941 5.129855155944824
0.8123044669628143 5.065423488616943
0.7223547101020813 5.832192897796631
0.7346889525651932 5.138029098510742
0.7941943556070328 5.760258674621582
0.5793994665145874 6.822040557861328
0.8618283569812775 5.4893479347229
0.7093692123889923 5.402500152587891
0.7199722081422806 5.82236909866333
0.5750773996114731 5.592196464538574
0.6789752840995789 5.294225215911865
0.6225684285163879 6.523571968078613
0.7094982415437698 5.734532356262207
0.8085426986217499 5.44701623916626
0.5842637270689011 6.100493431091309
0.5502491891384125 6.460842132568359
0.713038295507431 5.929281711578369
0.5554808974266052 6.371700763702393
0.6130180358886719 7.037307262420654
0.6728410422801971 5.618971824645996
0.7146489322185516 5.4728193283081055
0.5734489858150482 6.527795314788818
0.561976283788681 6.761485576629639
0.5408888608217239 5.586022853851318
0.6527547538280487 5.363370895385742
0.9182157814502716 4.414553642272949
0.7437789440155029 5.541147708892822
0.6490572839975357 6.031667232513428
0.6906825304031372 6.352878570556641
0.8248076438903809 5.3974456787109375
0.8745872378349304 5.534365653991699
0.6959917545318604 5.52912712097168
0.5994475334882736 5.962909698486328
0.6121999174356461 6.330214977264404
0.881055623292923 4.456315040588379
0.6993826627731323 5.805863857269287
0.6404556035995483 4.706218242645264
0.6918235123157501 5.583739757537842
0.6920935213565826 5.327364921569824
0.6494167149066925 5.249942302703857
0.693278506398201 5.865306377410889
0.6912809014320374 4.915045738220215
0.6740025728940964 5.311244487762451
0.8300067782402039 5.484755992889404
0.5592946708202362 5.792342185974121
0.5753647834062576 5.701770782470703
0.5533395111560822 6.772008895874023
0.5753694027662277 7.135834217071533
0.7470159232616425 6.184016704559326
0.7317401766777039 5.7112579345703125
0.5906530916690826 6.081012725830078
0.6716299057006836 4.525272846221924
0.6684634983539581 5.939728736877441
0.576073482632637 5.6473493576049805
0.7567705512046814 5.87946891784668
0.6426967829465866 5.694881439208984
0.8291290402412415 4.030868053436279
0.6754618287086487 4.651284694671631
0.6776546835899353 5.391956806182861
0.6767103224992752 5.495713233947754
0.7303217649459839 4.801238536834717
0.6867018342018127 5.176153182983398
0.7356497049331665 4.3117451667785645
0.6511083543300629 5.109984874725342
0.6835589557886124 5.735283374786377
0.7326221168041229 5.638632774353027
0.6314773261547089 5.802351951599121
0.8141783475875854 5.900489807128906
0.644865021109581 6.26323127746582
0.568828746676445 6.046921730041504
0.7100400924682617 5.90221643447876
0.7721048593521118 4.834716796875
0.8175912797451019 4.941749095916748
0.613614022731781 6.500617504119873
0.9142720401287079 5.050718784332275
0.8580740988254547 5.504874229431152
0.7758704870939255 5.707418441772461
0.6037904471158981 5.454047679901123
0.628768652677536 7.039659023284912
0.6631962060928345 5.6193461418151855
0.6611911356449127 4.998151779174805
0.6045629531145096 5.522914886474609
0.6092938333749771 6.682171821594238
0.6091068238019943 5.445744037628174
0.6486630439758301 5.808988571166992
0.6190281808376312 5.728891372680664
0.6558523774147034 5.926127910614014
0.6956403851509094 5.508228778839111
0.6463119387626648 5.097811698913574
0.8644516468048096 4.068533897399902
0.7712710201740265 5.097928524017334
0.590033546090126 5.694875717163086
0.6333393007516861 5.762773513793945
0.6708812862634659 5.194546222686768
0.629631757736206 5.5436110496521
0.6630486249923706 5.211976528167725
0.5385892689228058 5.765339374542236
0.5646187961101532 6.010758876800537
0.7475096881389618 5.244011878967285
0.7576719522476196 5.371003150939941
0.6531736552715302 8.569538116455078
0.613864079117775 5.9841156005859375
0.6180255562067032 5.389976978302002
0.669454351067543 5.805412292480469
0.6706944704055786 6.182470798492432
0.7734586298465729 5.837688446044922
0.7287480682134628 6.583479881286621
0.5616407543420792 6.824667453765869
0.6512925624847412 5.995944976806641
0.7093557715415955 5.5326032638549805
0.7061845362186432 6.629518032073975
0.6719308495521545 5.302890777587891
0.7964631021022797 4.858964443206787
0.7426231801509857 6.5849289894104
0.6975410878658295 4.574116230010986
0.8949419260025024 4.640883445739746
0.617300420999527 7.134529113769531
0.6422702819108963 6.524082183837891
0.6058429926633835 5.501503944396973
0.6324809491634369 5.257487773895264
0.7112205028533936 5.262319087982178
0.7512746751308441 6.587706089019775
0.5855474472045898 6.295682430267334
0.678672581911087 6.486568927764893
0.615138441324234 5.647316932678223
0.6332710087299347 5.321924686431885
0.6214548349380493 5.835934638977051
0.814394474029541 4.218726634979248
0.6612745374441147 5.47874641418457
0.5331580638885498 7.505125522613525
0.5611475110054016 6.948058128356934
0.7714792191982269 6.3766303062438965
0.6218174695968628 6.614510536193848
0.7278626263141632 5.504422187805176
0.5917215496301651 6.12767219543457
0.7225100100040436 5.55546236038208
0.8366739451885223 5.196836948394775
0.6226708590984344 6.1601104736328125
0.842078447341919 6.98064661026001
0.6017562747001648 5.727880001068115
0.5901995301246643 6.091610431671143
0.9173825979232788 4.194834232330322
0.6778629720211029 6.087435722351074
0.8046848177909851 5.266847133636475
0.6070321798324585 5.074926853179932
0.6245788931846619 6.250868320465088
0.7083811461925507 5.6168718338012695
0.6985177844762802 5.395151138305664
0.6629724502563477 5.129286289215088
0.6917181313037872 5.271664619445801
0.6319953203201294 5.5606489181518555
0.6129096001386642 6.231297969818115
0.6921515613794327 5.502904415130615
0.6667358875274658 6.21856164932251
0.7284071147441864 5.913920879364014
0.8224540054798126 6.280313014984131
0.7096255123615265 6.243053436279297
0.6045631915330887 6.0199713706970215
0.6157008111476898 6.483487129211426
0.6974789202213287 6.546546936035156
0.7763226628303528 5.737870216369629
0.6511958092451096 6.184830188751221
0.801531970500946 4.304968357086182
0.6247551888227463 6.321070671081543
0.5960982143878937 5.925233840942383
0.9874249994754791 5.955535411834717
0.6192693263292313 5.665256023406982
0.7944588661193848 5.262485027313232
0.7101789712905884 6.214583873748779
0.7565789222717285 6.455355644226074
0.7629917860031128 5.7943644523620605
0.7715690732002258 4.173687934875488
0.8008926808834076 5.0984625816345215
0.6325093060731888 6.813613414764404
0.7514181435108185 5.941197395324707
0.5898139476776123 6.567897796630859
0.8943594992160797 5.015599250793457
0.7057497948408127 5.581028938293457
0.6306945532560349 5.425784111022949
0.934923067688942 6.766879081726074
0.6125354617834091 6.257325172424316
0.5745761394500732 5.8371453285217285
0.8481656908988953 5.847027778625488
0.6468864381313324 5.204999923706055
0.6351472735404968 6.862105369567871
0.885063648223877 5.186916351318359
0.6221648454666138 5.2396111488342285
0.7199162095785141 6.513551235198975
0.829184889793396 4.770828723907471
0.6385197043418884 6.0507493019104
0.624430239200592 6.1106109619140625
0.7252458781003952 6.2880754470825195
0.631422221660614 5.890154838562012
0.550889179110527 6.646517276763916
0.6401661932468414 5.357731819152832
0.6230879724025726 6.595849990844727
0.8146545588970184 5.001401424407959
0.7086834013462067 5.634613990783691
0.7190872132778168 5.092524528503418
0.8095518350601196 5.380336761474609
0.5803452432155609 5.33663272857666
0.576293408870697 6.65282678604126
0.5500220060348511 5.285039901733398
0.8112301528453827 5.333988666534424
0.5850283205509186 5.889033794403076
0.7037807404994965 5.4666056632995605
0.7678608000278473 4.94180154800415
0.7037555575370789 6.0357232093811035
0.7489279210567474 5.058184623718262
0.7399681508541107 4.820080280303955
0.797577440738678 4.822485446929932
0.7759032994508743 5.316803455352783
0.6802595555782318 4.990048885345459
0.6469990909099579 5.998658657073975
0.8249720335006714 5.0230937004089355
0.6775447130203247 5.950046539306641
0.8050601035356522 5.697510242462158
0.7791746854782104 5.24997615814209
0.8390412330627441 3.9335062503814697
0.6365282535552979 4.428856372833252
0.6764901876449585 4.6357197761535645
0.7046963274478912 5.008697509765625
0.629175990819931 5.631563663482666
0.6630614101886749 4.809817790985107
0.7644081711769104 4.702668190002441
0.7033117413520813 4.8869171142578125
0.7527326345443726 4.783466339111328
0.6874327659606934 4.677351951599121
0.6674338430166245 5.5058722496032715
0.8400133699178696 5.5753326416015625
0.8434777557849884 4.5338897705078125
0.5138207674026489 6.0711236000061035
0.7103382050991058 5.191656589508057
0.656525731086731 5.115389347076416
0.6869127750396729 5.049680233001709
0.6437214314937592 4.660521507263184
0.6059471964836121 5.441065311431885
0.6458153128623962 5.068985462188721
0.8743474781513214 5.923396110534668
0.7030787765979767 4.86505126953125
0.6798501908779144 6.368309020996094
0.8779012262821198 5.812630653381348
1.1149649024009705 4.429545879364014
0.6759619414806366 4.7630181312561035
0.604884147644043 6.318877696990967
0.6575610190629959 5.386084079742432
0.6856780350208282 6.7791829109191895
0.6022443920373917 6.4328694343566895
0.7503551840782166 5.453550815582275
0.8754010498523712 4.6576385498046875
0.7335938811302185 5.873292446136475
0.8439323604106903 5.526684761047363
0.585611879825592 5.765583515167236
0.6630384773015976 5.364344596862793
0.6641772985458374 5.717584609985352
0.6999663710594177 5.010686874389648
0.7382217794656754 6.167276382446289
0.6507440358400345 6.518476963043213
0.648805096745491 6.069541931152344
0.5099119991064072 7.055667400360107
0.774162620306015 6.134852409362793
0.6628260314464569 5.636359214782715
0.5428415387868881 6.633070945739746
0.6241468340158463 6.895239353179932
0.7954329997301102 6.255693435668945
0.5731251537799835 7.603086471557617
0.6923072934150696 6.533323287963867
0.6372423619031906 5.872057914733887
0.7125341594219208 5.812607288360596
0.5689897984266281 5.848819732666016
0.6507695317268372 5.523553371429443
0.5937156528234482 5.793233871459961
0.6338980793952942 4.692816734313965
0.5925741940736771 5.794257164001465
0.6277298927307129 5.340057849884033
0.6234399378299713 5.590214729309082
0.6307843923568726 5.330671310424805
0.8762660622596741 5.56598424911499
0.7173790782690048 6.264260292053223
0.6818356215953827 5.38787841796875
0.6068922132253647 5.631811618804932
0.6483940780162811 5.750850677490234
0.7143208384513855 4.490510940551758
0.7303902506828308 5.925477027893066
0.6663434058427811 5.526533126831055
0.7234895527362823 5.57180643081665
0.7304595559835434 5.518353462219238
0.584883451461792 6.081395149230957
0.688651368021965 5.848010063171387
0.5991475135087967 5.992569923400879
0.5596840083599091 6.843876361846924
0.5853112190961838 5.59641170501709
0.6144254207611084 7.018881797790527
0.673179566860199 6.380375385284424
0.6034228503704071 5.838989734649658
0.5598045587539673 7.117146015167236
0.7156310975551605 6.003502368927002
0.6593034863471985 6.377654075622559
0.6014528274536133 5.647586345672607
0.5567649155855179 6.051205635070801
0.6849431693553925 5.759901523590088
0.6982965171337128 7.003240585327148
0.7463431060314178 4.801490783691406
0.6782194972038269 5.452714443206787
0.7015461027622223 5.448474884033203
0.6230756640434265 5.913334846496582
0.6089385747909546 5.920703887939453
0.679177314043045 5.875084400177002
0.7001169323921204 5.1311211585998535
0.6511847674846649 4.609344005584717
0.7158775925636292 5.602601528167725
0.5458153635263443 7.429033279418945
0.6667707562446594 6.641975402832031
0.7155603766441345 4.818661212921143
0.6560683250427246 5.252140998840332
0.9287295639514923 5.303154468536377
0.6065440773963928 4.74590539932251
0.8577463030815125 4.648503303527832
0.627354621887207 5.458611965179443
0.8985518515110016 4.413590431213379
0.693006306886673 6.343071460723877
0.8032759130001068 5.7052903175354
0.8627354204654694 4.447841644287109
0.6423353999853134 6.219821929931641
0.6263667047023773 5.914170265197754
0.7237327992916107 5.051499843597412
0.6264608800411224 5.392749309539795
0.5834562480449677 5.461823463439941
0.8204309940338135 4.941011905670166
0.6470657885074615 5.710188865661621
0.7225151360034943 6.556457042694092
0.6413052827119827 6.124906063079834
0.5868619978427887 5.3012614250183105
0.8098387718200684 6.347640514373779
0.6760651171207428 6.1858110427856445
0.6724965274333954 5.4057745933532715
0.6673737466335297 5.346232891082764
0.6429026573896408 5.795407295227051
0.6346508115530014 6.091557025909424
0.7983096092939377 5.282478332519531
0.6844886243343353 6.135054111480713
0.6351446807384491 6.1785993576049805
0.5709908604621887 7.040637969970703
0.8219289481639862 5.048582553863525
0.7888323962688446 4.963576316833496
0.7780105769634247 5.644930839538574
0.5968875885009766 5.220179557800293
0.6448822319507599 5.454256057739258
0.7858814299106598 4.439398288726807
0.6228106319904327 5.692436695098877
0.983707070350647 4.067324638366699
0.6814696192741394 5.748150825500488
0.8885525465011597 5.728060245513916
0.7508775591850281 5.293808937072754
0.9115198850631714 6.64307975769043
0.6557358503341675 5.146559715270996
0.6882335990667343 5.522937297821045
0.7764703035354614 6.487128734588623
0.6510815024375916 6.361743927001953
0.6295881271362305 6.509652614593506
0.8813378214836121 6.139918804168701
0.6683313399553299 6.699672698974609
0.7309056222438812 4.1899542808532715
0.6262285113334656 5.604150295257568
0.8726579248905182 5.514919757843018
0.6898348331451416 5.302098751068115
0.7757927626371384 5.61065149307251
0.6369116604328156 5.435464859008789
0.6060405373573303 6.70007848739624
0.6963120102882385 6.272879123687744
0.6295769810676575 5.501120090484619
0.7059032917022705 5.545881748199463
0.6708122789859772 4.732045650482178
0.5367568731307983 6.3906402587890625
0.6150233894586563 5.1298909187316895
0.680179625749588 5.718191623687744
0.6154839247465134 6.236432075500488
0.8308137059211731 6.051281929016113
0.7284818887710571 5.421708583831787
0.812146782875061 5.194324493408203
0.6791223287582397 5.446051597595215
0.662497416138649 6.288309097290039
0.6231485307216644 4.398656368255615
0.6872107088565826 5.131912708282471
0.5526748448610306 5.8009843826293945
0.6839653551578522 4.88362979888916
0.7157745361328125 6.57021951675415
0.5864291787147522 6.396084785461426
0.5979576110839844 6.196082592010498
0.5899200290441513 6.3737311363220215
0.6041852235794067 5.798811435699463
0.5384300202131271 7.429077625274658
0.5395068228244781 5.243027210235596
0.6701173484325409 5.003941535949707
0.6413171738386154 6.306050777435303
0.6329725086688995 5.3297247886657715
0.5746036320924759 5.933980941772461
0.797128438949585 5.075212478637695
0.6494646072387695 5.851162910461426
0.7002667784690857 5.441534519195557
0.6716494560241699 5.128335952758789
0.6230135858058929 4.971144199371338
0.6790201812982559 5.842624187469482
0.6135788857936859 6.465137481689453
0.7502181082963943 5.274450302124023
0.6849075853824615 4.739023685455322
0.6397876888513565 5.74691104888916
0.6726129353046417 4.4461565017700195
0.8876530528068542 5.112246036529541
0.5602295249700546 5.143651962280273
0.9628826081752777 4.193367004394531
0.715545266866684 4.821943759918213
0.5664869546890259 6.181066989898682
0.6300560384988785 5.864445209503174
0.6256497353315353 5.764974594116211
0.4909101724624634 6.242756366729736
0.6207755953073502 5.699187278747559
0.6732322573661804 5.171361923217773
0.5772694498300552 5.635231018066406
0.6529778242111206 5.0929646492004395
0.7458993047475815 6.221909999847412
0.6048484146595001 6.214078426361084
0.8118284642696381 4.504727840423584
0.5727396458387375 5.7022786140441895
0.6596036553382874 6.9016337394714355
0.6625513583421707 5.62121057510376
0.6683876514434814 4.979470729827881
0.630967766046524 5.250232219696045
0.6670213341712952 5.2986321449279785
0.7101472318172455 4.470216751098633
0.6628862470388412 6.030430793762207
0.7211257219314575 5.372137069702148
0.6451855003833771 6.205472946166992
0.6680838167667389 6.311257362365723
0.6832250356674194 5.375112056732178
0.8244076669216156 5.110337734222412
0.557647243142128 5.721312999725342
0.734440803527832 5.1829400062561035
0.5851330459117889 5.460235595703125
0.6028722524642944 5.390736103057861
0.6439240872859955 5.026219367980957
0.7550390064716339 5.160702228546143
0.8702972531318665 5.021808624267578
0.6068957149982452 5.693082809448242
0.5963458716869354 5.763046741485596
0.5863521248102188 5.956422805786133
0.6211676001548767 5.599750518798828
0.699413925409317 5.750303268432617
0.5809819102287292 6.215447425842285
0.5908690541982651 5.540457725524902
0.6621406972408295 4.986428737640381
0.5392216593027115 5.513716697692871
0.6227334886789322 6.543527603149414
0.6476870775222778 5.340622901916504
0.592633068561554 4.764091968536377
0.7769029438495636 5.288949966430664
0.5893298536539078 5.720852375030518
0.5285092294216156 5.591983795166016
0.6846904307603836 4.684184551239014
0.5799681693315506 6.049936294555664
0.588760495185852 5.602638244628906
0.6411574482917786 5.249156475067139
0.6279843598604202 5.2243452072143555
0.6774944961071014 5.049482345581055
0.637179046869278 5.355396270751953
0.7027479708194733 4.813482284545898
0.6347565352916718 5.877140045166016
0.5777461379766464 6.31872034072876
0.7144827097654343 5.623425006866455
0.6157768964767456 5.294082164764404
0.743103951215744 4.646616458892822
0.6495997905731201 4.902222633361816
0.5581441223621368 6.026330947875977
0.6251833736896515 6.910300254821777
0.5569536089897156 6.66307258605957
0.6271562576293945 5.7801079750061035
0.719858318567276 6.178792953491211
0.7423482537269592 5.439144611358643
0.7004880607128143 4.947323322296143
0.6257458627223969 5.408707618713379
0.7453376650810242 5.820582389831543
0.5671993941068649 5.053542613983154
0.5970383137464523 4.874061107635498
0.6953515708446503 5.407299041748047
0.6594371646642685 6.020673751831055
0.8671739995479584 5.21293830871582
0.7565595060586929 6.120995998382568
0.6248573511838913 5.98598575592041
0.5583995878696442 6.39589786529541
0.5360147356987 6.3304009437561035
0.5910024046897888 5.444963455200195
0.5694722831249237 6.156458377838135
0.539612427353859 6.359564304351807
0.7116009294986725 5.301944732666016
0.5654237121343613 5.128040790557861
