0.3882753774523735 6.013060092926025
0.3182992786169052 8.351841926574707
0.3536013178527355 8.639338493347168
0.3084937632083893 7.639843940734863
0.31968043744564056 7.008159160614014
0.3834296055138111 6.696403980255127
0.34804702177643776 6.985805988311768
0.30624302849173546 10.351290702819824
0.5791230797767639 3.6017730236053467
0.4797532856464386 3.155514717102051
0.3330816626548767 7.102840900421143
0.6686955839395523 3.9867990016937256
0.40413540601730347 4.951303482055664
0.4955884665250778 6.891374111175537
0.3723110780119896 5.698155403137207
0.4771016240119934 4.430624485015869
0.3752231150865555 4.765838146209717
0.5205046385526657 4.979791641235352
0.3956022188067436 4.187374114990234
0.42838138341903687 3.976370334625244
0.5470894351601601 6.278319835662842
0.5146038681268692 4.7772345542907715
0.38086341321468353 7.951071739196777
1.0666520595550537 4.3222432136535645
0.6438009440898895 2.8608436584472656
0.4598331078886986 4.8060078620910645
0.6269110441207886 3.103100538253784
0.4476112723350525 3.9677934646606445
0.7869987487792969 3.672929525375366
0.5553548783063889 5.071998596191406
0.8494430184364319 3.661855459213257
0.9277767241001129 4.44352388381958
0.7881568074226379 3.2823355197906494
0.5933305025100708 4.0601630210876465
1.1154574751853943 2.567838191986084
0.47826656699180603 6.904962539672852
0.5659201294183731 4.858163356781006
0.6802000552415848 6.378581523895264
0.6525278389453888 4.230414390563965
0.4959951937198639 5.113401889801025
0.6344121396541595 2.814054489135742
0.5178653597831726 4.368880748748779
0.7717893719673157 2.820385456085205
0.5941957086324692 4.253646373748779
0.7454433143138885 3.865708827972412
0.7297443449497223 3.6010215282440186
0.5796580612659454 3.2695348262786865
0.541180744767189 4.954529285430908
0.5921299755573273 3.2243568897247314
0.5230130255222321 5.514481067657471
0.6670819222927094 2.7132811546325684
0.5605720281600952 5.245441436767578
0.572369322180748 5.0048441886901855
0.9211044907569885 2.424870729446411
0.6070583313703537 3.59238338470459
0.4845809191465378 4.082330226898193
0.6024245023727417 6.769786834716797
0.6949036717414856 3.02423357963562
0.5631288886070251 4.277740955352783
0.4170959144830704 7.670814037322998
0.7805894613265991 2.423699378967285
0.5476536750793457 4.918323040008545
0.44809043407440186 5.122045993804932
0.4576343595981598 4.607518672943115
0.43680641055107117 5.178162097930908
0.45049309730529785 6.168636798858643
0.5326894372701645 4.309508800506592
0.5089478120207787 5.347872257232666
0.6950022578239441 3.662260055541992
0.5366685092449188 4.852997779846191
0.4374343901872635 6.05521821975708
0.6222854852676392 4.427097797393799
0.6358373314142227 3.2598798274993896
0.5530580133199692 4.665339469909668
0.5231110751628876 4.031200885772705
0.7885608077049255 3.59379243850708
1.239099383354187 3.4514734745025635
0.48622220754623413 5.503840923309326
0.4551892727613449 4.823453903198242
0.466080904006958 4.578151702880859
0.3990567922592163 6.3014445304870605
0.4600241184234619 5.912319183349609
0.5645360350608826 4.951329231262207
0.38301967829465866 5.3313307762146
0.46118855476379395 4.094977378845215
0.8558443337678909 3.846036911010742
0.37457359582185745 5.7603654861450195
0.4399009346961975 8.219550132751465
0.4369966387748718 4.63596248626709
0.45856496691703796 5.884706020355225
0.5362629145383835 5.734653472900391
0.520640566945076 4.313284397125244
0.4588131010532379 6.543713092803955
0.5415096655488014 6.2941789627075195
0.440425768494606 5.96793794631958
0.5254610180854797 3.725928783416748
0.547147586941719 4.340151786804199
0.44880298525094986 7.628382205963135
0.6673890650272369 4.058051109313965
0.5962974727153778 3.6949779987335205
0.4607092887163162 5.617555141448975
0.6334003955125809 4.1429290771484375
0.9318295121192932 5.207265853881836
0.51278056204319 4.968092918395996
0.39781810343265533 6.8020453453063965
0.47850923240184784 5.108609676361084
0.7306621372699738 5.0159783363342285
0.46699830144643784 7.882630825042725
0.6007488667964935 4.928682327270508
0.49267256259918213 4.054664611816406
0.5308127701282501 3.571523666381836
0.48273876309394836 5.220459461212158
0.470224067568779 7.026749134063721
0.45590048283338547 5.1255645751953125
0.49126429855823517 5.554808616638184
0.6167518869042397 7.828227996826172
0.9460995197296143 2.1634531021118164
0.7340510785579681 4.479087829589844
0.5170756578445435 7.135880470275879
0.5055051743984222 7.474381446838379
0.4159918874502182 6.572772026062012
0.4856918603181839 7.5376362800598145
0.5502583831548691 4.9247589111328125
0.4936172813177109 5.958427906036377
0.5316080078482628 6.226785659790039
0.4855300933122635 5.834679126739502
0.5403089225292206 5.3379034996032715
0.4446908235549927 5.134450912475586
0.4414992034435272 5.49557638168335
0.4805731698870659 8.28282356262207
0.4228024184703827 10.051087379455566
0.6584219634532928 5.701469421386719
0.49715641140937805 5.52244234085083
0.5547488480806351 4.536468982696533
0.4835810512304306 5.572388172149658
0.46403758227825165 5.745633125305176
0.49545976519584656 6.26448392868042
0.46474067866802216 5.9170684814453125
0.49339933693408966 6.360611438751221
0.4707835614681244 5.773582935333252
0.5583010911941528 5.184936046600342
0.6735275611281395 6.405051231384277
0.5363144278526306 4.27689790725708
0.5770479440689087 6.612147331237793
0.5050426870584488 6.9756011962890625
0.5840958803892136 5.653107643127441
0.7074014544487 4.98423957824707
0.4736330583691597 6.155658721923828
0.49398908019065857 7.553347587585449
0.5418669134378433 5.663049697875977
0.5223737508058548 5.68640661239624
0.5716388449072838 7.137781620025635
0.6607727706432343 5.325450897216797
0.492937296628952 6.248532295227051
0.561070442199707 6.771313667297363
0.528374046087265 4.6342644691467285
0.8171839416027069 3.014514207839966
0.5594624876976013 6.584447383880615
0.4365358352661133 6.517599582672119
0.5924108326435089 5.964776992797852
0.7286592572927475 4.099294185638428
0.6317747235298157 4.770312786102295
0.6101789623498917 5.029173374176025
0.513685330748558 7.323561668395996
0.5665389895439148 5.792873382568359
0.5470620095729828 4.899282932281494
0.46769192814826965 5.751660346984863
0.6867486834526062 4.357975482940674
0.4602195620536804 7.171024799346924
0.6086104512214661 5.013861179351807
0.49799564480781555 6.280710697174072
0.6490828990936279 6.269153594970703
0.594153419137001 6.750692844390869
0.6484697163105011 4.581151008605957
0.6140836775302887 5.021481990814209
0.6013295501470566 5.458909511566162
0.6020434200763702 7.193569660186768
0.5122110843658447 8.360812187194824
0.5313719138503075 7.370893955230713
0.5299358665943146 6.420140266418457
0.47674591839313507 8.098335266113281
0.4792710542678833 6.4286322593688965
0.5636925101280212 4.571113586425781
0.664023220539093 5.484083652496338
0.5027375519275665 6.430975914001465
0.6073704808950424 5.811217308044434
0.5399804264307022 4.845699310302734
0.8437557518482208 5.0727434158325195
0.4935353398323059 6.561432361602783
0.5406704097986221 6.854959964752197
0.6324431449174881 6.697113990783691
0.5875459909439087 7.95536470413208
0.5581971853971481 5.653672695159912
0.6934167593717575 3.719658851623535
0.622847318649292 7.779171466827393
0.8930470943450928 3.693605422973633
0.5528325438499451 5.5431227684021
0.5124936252832413 5.950882911682129
0.5300520658493042 5.079773426055908
0.6337874233722687 5.189360618591309
0.5618501603603363 5.8790178298950195
0.5624817460775375 7.912168025970459
0.4991716742515564 5.824864864349365
0.6479327082633972 3.737907886505127
0.6984167098999023 3.792635679244995
0.6933623552322388 4.494488716125488
0.5932586938142776 6.3464508056640625
0.5470873266458511 6.522911071777344
0.6591198444366455 5.2297258377075195
0.532435953617096 10.023398399353027
0.5837755352258682 6.195929050445557
0.5234952867031097 5.934548854827881
0.6027115881443024 6.7277069091796875
0.7064931690692902 5.265293598175049
0.6710794866085052 5.631809711456299
0.5764933675527573 8.096376419067383
0.5888157337903976 5.332830429077148
0.5580903440713882 5.637089729309082
0.6356951147317886 5.388535022735596
0.5881076604127884 7.765557765960693
0.6199152916669846 6.328038692474365
0.4669400453567505 7.623959541320801
0.5855993628501892 5.977930068969727
0.5465395599603653 5.767155647277832
0.5461307764053345 5.8517632484436035
0.521449401974678 5.801699638366699
0.8872923851013184 8.87680721282959
0.5754886418581009 7.724579811096191
0.5998987555503845 8.408926010131836
0.6617170572280884 5.050821304321289
0.563858687877655 8.918008804321289
0.5775049477815628 5.899277687072754
0.5310754925012589 5.9508256912231445
0.5789194256067276 7.454409122467041
0.5374506413936615 6.6420698165893555
0.5791720747947693 6.462786674499512
0.5129652768373489 9.624197006225586
0.6162209212779999 5.3702850341796875
0.6023460924625397 6.82687520980835
0.5270896255970001 6.183772563934326
0.5326226949691772 8.525525093078613
0.5887652337551117 7.905333042144775
0.7355703711509705 4.669673442840576
0.7616490423679352 5.532440185546875
0.5991912484169006 5.866361141204834
0.5906615257263184 5.922077655792236
0.7761729955673218 3.0693395137786865
0.599293902516365 7.423208236694336
0.5720731616020203 9.359540939331055
0.5716627240180969 6.832390308380127
0.6297770738601685 4.776125431060791
0.5508290827274323 7.263558864593506
0.7003093510866165 7.037443161010742
0.622700035572052 5.396590232849121
0.8110705018043518 4.378342628479004
0.7790476679801941 4.244383811950684
0.6888802349567413 5.561038970947266
0.6247079074382782 7.08853006362915
0.9338669180870056 3.4856009483337402
0.5294931977987289 7.024755477905273
0.5229068696498871 6.136050224304199
0.8326396048069 6.255215167999268
0.5970299690961838 6.5847320556640625
0.6405801624059677 5.417254447937012
0.5584359467029572 8.01264762878418
0.8138242363929749 5.0922322273254395
0.6636046469211578 4.029274940490723
0.5852271169424057 6.529092788696289
0.4919959157705307 12.121828079223633
0.5807965248823166 5.0628461837768555
0.7049248516559601 7.0627875328063965
0.7597838640213013 6.293374538421631
0.7486875355243683 5.933605194091797
0.5717606246471405 6.150226593017578
0.76146399974823 5.594285011291504
0.6620764136314392 5.063838958740234
0.7318198680877686 5.603967666625977
0.5926209390163422 6.319202423095703
0.5905074626207352 7.389163970947266
0.6780597269535065 4.944707870483398
0.7256068289279938 6.083181858062744
0.5316020846366882 6.574023246765137
0.6130999326705933 6.522228717803955
0.6333902478218079 5.982966899871826
1.2320669889450073 3.5884244441986084
0.6728387475013733 5.86538553237915
0.9026007652282715 4.5523176193237305
0.5587470233440399 8.283439636230469
0.532606765627861 10.268077850341797
0.5310107469558716 8.235949516296387
0.700504720211029 7.695311069488525
0.6924866586923599 6.1966400146484375
0.5138428956270218 9.577215194702148
0.5924624800682068 6.153841495513916
1.2143689692020416 5.410882472991943
0.755923718214035 5.558284759521484
0.6684153228998184 4.723605155944824
0.6078519970178604 7.920854091644287
0.9246021807193756 5.549121856689453
0.7204199731349945 8.168935775756836
0.6590617001056671 4.335379123687744
0.6738201677799225 6.346738815307617
0.8456456363201141 5.852355480194092
0.7164134085178375 3.8168983459472656
0.6306919157505035 7.338371276855469
0.7743981182575226 4.658329486846924
0.8201051950454712 5.561478614807129
0.9477064609527588 3.4537765979766846
0.7018417716026306 4.935426235198975
0.8224782645702362 5.784424304962158
0.7842174768447876 5.285581588745117
0.7142737507820129 7.491878986358643
0.5893422812223434 4.555088520050049
0.7628755569458008 7.444492816925049
0.5629489123821259 8.284238815307617
0.8140536546707153 4.9957075119018555
0.616580918431282 5.906834602355957
0.6569918990135193 5.99606990814209
0.6570480465888977 4.893233299255371
0.8955100774765015 5.067930221557617
0.5316470712423325 7.141310214996338
0.6272497475147247 9.441892623901367
0.6871844530105591 6.107859134674072
0.7284745573997498 6.820439338684082
0.6000867635011673 8.81249713897705
0.6670034229755402 6.139160633087158
0.5657217055559158 8.610331535339355
0.6740831881761551 7.296621322631836
0.7060031890869141 6.743786811828613
0.5367017835378647 7.32606315612793
0.611509382724762 6.452661037445068
0.7726088762283325 5.835690975189209
0.7032230198383331 6.301010608673096
0.6362136602401733 6.759599685668945
0.7049808502197266 5.66166353225708
0.6972679197788239 6.579305171966553
0.5423969775438309 8.41333293914795
0.572360947728157 7.241436004638672
0.85756716132164 5.476408004760742
0.7099506258964539 5.915074348449707
0.7060731053352356 6.045063018798828
0.7173852622509003 6.469143867492676
0.7216736972332001 6.6686482429504395
0.8096541166305542 5.1975812911987305
0.7012937963008881 5.485940933227539
0.6144428998231888 4.5638203620910645
0.678277000784874 6.313036918640137
0.7132540345191956 4.5583391189575195
0.8644829094409943 5.615714073181152
0.9465847909450531 6.114485263824463
0.9488649368286133 5.509683609008789
0.5945150256156921 8.855586051940918
0.6997493803501129 6.457900524139404
0.677215963602066 7.892414093017578
0.834764301776886 5.40562105178833
0.8858557343482971 6.627837181091309
0.8231193721294403 5.0465826988220215
0.8036126494407654 4.851363182067871
0.6968780159950256 5.068474292755127
0.7729557156562805 5.464569568634033
1.0246211290359497 4.442563533782959
0.6304618716239929 4.890498161315918
0.7288354337215424 4.777069568634033
0.7761867344379425 7.61145544052124
0.6460883915424347 8.185483932495117
0.7889485061168671 7.6622490882873535
0.6848312318325043 7.292107582092285
0.8833989799022675 5.8164448738098145
0.6859966963529587 7.07587194442749
0.8518856316804886 7.181721210479736
0.6113533228635788 6.677384376525879
0.564435139298439 9.77938175201416
0.6336521059274673 5.9147796630859375
0.7936403453350067 4.863595485687256
0.6193739026784897 7.894763946533203
0.5896550118923187 8.416086196899414
0.6443161368370056 9.257367134094238
0.6236037015914917 8.281855583190918
0.6664169728755951 6.1236186027526855
0.675382524728775 6.339577674865723
0.6688654124736786 4.998886585235596
0.7554014325141907 6.445389270782471
0.8456710875034332 5.800589084625244
0.7181649059057236 8.86910343170166
0.6379027217626572 7.545449733734131
0.5813716948032379 8.176973342895508
0.6074928641319275 8.809592247009277
0.6323697566986084 5.687303066253662
1.0912725925445557 4.578309535980225
1.010710746049881 7.63411808013916
0.8831930756568909 3.6860601902008057
0.7848058938980103 4.793666839599609
0.9547791481018066 5.8172197341918945
0.719919353723526 6.774206161499023
0.8529523015022278 7.048221588134766
0.6358941793441772 6.626075744628906
0.8054725825786591 5.394482612609863
0.6506746709346771 6.726475715637207
0.8964771330356598 4.871150016784668
0.8677902817726135 5.5027289390563965
0.8066291958093643 6.131239414215088
0.684199646115303 6.656157970428467
0.5535691380500793 6.467273712158203
0.717793196439743 6.437211036682129
0.6136117577552795 7.101057529449463
0.5858407914638519 6.95824670791626
0.8742419183254242 4.501111030578613
0.5797708928585052 6.530002117156982
0.9943950325250626 6.804871559143066
0.6501125544309616 6.550094127655029
0.644077867269516 5.750048637390137
0.6464760005474091 6.786495685577393
0.7654937207698822 5.338901996612549
0.6899702548980713 6.4906439781188965
0.6479827910661697 8.689266204833984
0.6772223562002182 6.207769870758057
0.6278930455446243 6.741271018981934
0.8299146592617035 6.844592571258545
0.5933818817138672 7.134769439697266
0.5578156858682632 7.244368076324463
0.6315961182117462 10.133777618408203
0.7577693313360214 8.532448768615723
0.7179076373577118 5.199803352355957
0.6653867959976196 6.871933460235596
0.9345562756061554 7.814805507659912
0.7045159637928009 7.035704612731934
0.7023541927337646 7.697846412658691
0.731188639998436 7.319835662841797
0.656791478395462 6.879347801208496
0.7257634103298187 6.3230462074279785
0.7290091812610626 6.828891277313232
0.7597126066684723 6.281219482421875
0.5716123133897781 8.681772232055664
0.8318276405334473 6.956291675567627
0.6703979074954987 8.254955291748047
0.6943921446800232 6.3185248374938965
0.8326748609542847 6.223645210266113
0.7078275978565216 8.925572395324707
0.6738704144954681 6.204986095428467
0.7426252365112305 6.743914604187012
0.6512781232595444 7.082756996154785
0.7121848464012146 8.253922462463379
0.6475882232189178 9.736451148986816
0.7582952380180359 5.815677642822266
0.7031989991664886 6.010395050048828
0.6269034445285797 7.349268436431885
0.6211678236722946 7.483116149902344
0.8341306447982788 7.5200605392456055
0.6363811492919922 9.246965408325195
0.7027393281459808 7.563144207000732
0.7114989310503006 8.375748634338379
0.9157597124576569 6.344253063201904
0.7764379680156708 5.974283695220947
0.7250387370586395 5.824207782745361
0.6916333734989166 6.970670223236084
0.7866006791591644 5.759554386138916
0.9539172351360321 6.193838596343994
0.8119904696941376 4.83710241317749
0.5649975687265396 10.177107810974121
0.578287661075592 7.912756443023682
0.759840726852417 6.146965980529785
0.5981344878673553 7.1267242431640625
0.7454749941825867 6.075010776519775
1.0863075256347656 5.088470935821533
0.6514512747526169 7.081236839294434
1.0636402070522308 3.588808298110962
1.184144139289856 5.692910671234131
0.6544989049434662 8.100878715515137
0.7576824724674225 5.435948371887207
0.6254908740520477 6.589173793792725
0.7012820243835449 5.842235565185547
0.6469767540693283 6.827095985412598
0.7111153602600098 7.14098596572876
0.6860348135232925 9.07125473022461
0.7077784240245819 7.908597469329834
0.6454234421253204 7.471200466156006
0.6111777871847153 8.230960845947266
0.6798312216997147 6.382593154907227
0.720750242471695 6.5673394203186035
0.6565451323986053 8.977946281433105
1.2149334847927094 6.6090803146362305
0.5496097207069397 10.122428894042969
0.7078377902507782 9.732232093811035
0.5634170025587082 11.635705947875977
0.7281586527824402 7.489192485809326
0.7217005342245102 10.075153350830078
0.6684942841529846 6.725211143493652
0.810486912727356 5.425105571746826
0.6859046518802643 7.106500148773193
0.6978346407413483 6.981889724731445
0.7083471119403839 7.59632682800293
0.6164190471172333 6.548977375030518
0.6375255435705185 7.912940502166748
0.6939277052879333 5.992981910705566
0.6315804719924927 7.065045356750488
0.8060632646083832 6.579743385314941
0.625085175037384 5.574884414672852
0.6951342821121216 6.8418869972229
0.6379370093345642 7.011751651763916
0.6817645579576492 8.012163162231445
0.6700858771800995 7.466928482055664
