0.3977041691541672 6.235217571258545
0.3595297113060951 12.110090255737305
0.3044435754418373 8.000191688537598
0.4571656137704849 5.802302837371826
0.31292077898979187 6.599034309387207
0.4234454184770584 4.856917858123779
0.44870343804359436 4.2436065673828125
0.3604724556207657 5.749359130859375
0.4556402713060379 4.078648567199707
0.5380506366491318 3.685232639312744
0.42948344349861145 4.096531391143799
0.43219083547592163 4.384589195251465
0.5866627991199493 3.8434040546417236
0.44937367737293243 4.393424034118652
0.6507680416107178 2.746511697769165
0.6731420829892159 3.3682332038879395
0.4756893515586853 7.3154096603393555
0.43082740902900696 4.1580071449279785
0.4520569294691086 4.52382230758667
0.3631526157259941 6.2716169357299805
0.9606192708015442 2.5024964809417725
1.0632451176643372 2.6760847568511963
0.7225662618875504 4.242267608642578
0.5010235458612442 3.6187517642974854
0.6613666713237762 4.336512088775635
0.45438191294670105 4.132347583770752
0.8067810237407684 2.9527783393859863
0.7891152203083038 3.0129826068878174
0.6632243543863297 3.405032157897949
0.39175622910261154 5.507514476776123
0.5065211206674576 4.292121887207031
0.553228884935379 4.581240653991699
0.5999177992343903 3.467561960220337
0.8087297528982162 3.524033308029175
1.1656993478536606 3.9374051094055176
0.7105966657400131 4.2298102378845215
0.49560970067977905 6.100176811218262
0.5799072533845901 4.90693473815918
0.6077290028333664 3.4914069175720215
0.6658420562744141 4.536581993103027
0.7069759368896484 3.8733303546905518
1.2368740141391754 2.7233951091766357
0.6411774158477783 3.052677631378174
0.849887877702713 4.029144287109375
1.18374902009964 2.228771448135376
0.6912907063961029 3.848170518875122
1.3435842394828796 2.1270649433135986
0.7607256770133972 8.194897651672363
1.198717176914215 2.088996410369873
1.715177670121193 3.0911011695861816
0.9130744785070419 3.626234769821167
1.1812787652015686 1.907544493675232
0.9278470575809479 3.2486557960510254
0.7323110848665237 3.6030406951904297
1.4969874024391174 1.7833664417266846
1.0267356932163239 1.97946035861969
0.8870341777801514 2.4959657192230225
0.8740645349025726 2.445917844772339
1.083614706993103 1.7843682765960693
0.9303085803985596 3.0964741706848145
1.4394751191139221 2.7807438373565674
0.6827143132686615 3.2164711952209473
0.7664453089237213 3.371020793914795
0.8699721097946167 2.4999167919158936
1.456945925951004 2.067239999771118
0.9889871776103973 2.629678964614868
0.7462295889854431 3.58699369430542
0.7648287415504456 3.2105789184570312
0.8648468255996704 2.556849956512451
0.8293927907943726 3.1538119316101074
0.6818091869354248 3.1775877475738525
0.7745780348777771 2.6630325317382812
0.6389220654964447 3.127058506011963
0.8836259245872498 2.6689376831054688
1.1150456219911575 3.272146463394165
0.5913189649581909 3.8904666900634766
0.5338005572557449 4.547155857086182
0.5580417215824127 4.104159832000732
0.5383312106132507 3.879077434539795
0.8881276249885559 2.2400288581848145
0.5176874101161957 4.617072105407715
0.8943394273519516 3.9388697147369385
0.6504702568054199 3.6402580738067627
0.5248102098703384 4.242279052734375
0.7622800171375275 2.936998128890991
0.6435950100421906 4.034868240356445
0.6810154914855957 4.25706672668457
0.5748498141765594 4.197566509246826
0.5589164048433304 5.0749921798706055
0.5662173181772232 5.207909107208252
0.5688997805118561 4.380394458770752
0.6000980138778687 2.6834166049957275
1.5870516449213028 4.016252040863037
0.632671520113945 3.704069137573242
0.4890032261610031 4.9258599281311035
0.5244998186826706 4.078085422515869
0.47462089359760284 5.370798110961914
0.6177107244729996 4.506997585296631
0.5388295501470566 4.814631462097168
0.5678852051496506 4.156213760375977
0.5083805918693542 5.0090460777282715
0.507843554019928 4.597740650177002
0.47474098205566406 5.215429306030273
0.45677773654460907 5.730282783508301
0.5516272932291031 3.9844906330108643
0.7147627398371696 5.149036884307861
0.5867098867893219 4.8589677810668945
0.5309170335531235 6.399543285369873
0.49465541541576385 5.404631614685059
0.5045754164457321 4.501892566680908
0.5654028505086899 4.537060737609863
0.4733855426311493 4.239030361175537
0.5002190321683884 4.5937018394470215
0.48698750138282776 5.597498893737793
0.5589450746774673 5.0654826164245605
0.5131400972604752 5.39322566986084
0.5511583611369133 6.155735492706299
0.4728333652019501 5.16255521774292
0.5382781624794006 5.834593772888184
0.412150040268898 7.823192119598389
0.5907430797815323 5.647764682769775
0.4434705749154091 5.813480854034424
0.4902421236038208 4.788110256195068
0.4492119029164314 5.306642055511475
0.5256295800209045 6.203530311584473
0.42651599645614624 5.563250541687012
0.4299446865916252 6.429684638977051
0.49012935906648636 6.076452255249023
0.44142472743988037 6.951510429382324
0.4767542779445648 6.403552532196045
0.4698762744665146 7.687279224395752
0.5444484502077103 6.502795696258545
0.45691995322704315 4.569920063018799
0.4469313770532608 7.699628829956055
0.9648931920528412 3.5089268684387207
0.42676402628421783 6.90302848815918
0.5984441041946411 5.457211971282959
0.6674443185329437 5.181723594665527
0.48697925359010696 7.170741558074951
0.5894468575716019 4.442746162414551
0.3936886340379715 6.629388809204102
0.517650693655014 7.061925888061523
0.9186919182538986 10.679216384887695
0.4553297460079193 6.835580825805664
0.5059310793876648 5.846643447875977
0.48863866925239563 8.341582298278809
0.657858207821846 6.513951778411865
0.3984232246875763 7.032052993774414
0.5406321734189987 5.252255916595459
0.5590879768133163 5.497857093811035
0.4047306180000305 6.321847915649414
0.5976444482803345 7.931586742401123
0.45031942427158356 6.217447280883789
0.8330615609884262 3.9958314895629883
0.5541482269763947 4.03238582611084
0.5438500642776489 6.973672389984131
0.5555680617690086 7.228781700134277
0.4748215228319168 6.806042671203613
0.5096390023827553 6.070085048675537
0.46132993698120117 9.660369873046875
0.5679323524236679 6.023941993713379
0.6252676621079445 8.958588600158691
0.5735384374856949 4.553378105163574
0.45377179980278015 6.748264312744141
0.9293390661478043 4.490984916687012
0.419872023165226 7.181051731109619
0.4531812220811844 7.398361682891846
0.4740285277366638 5.56548547744751
0.4350711926817894 7.83254337310791
0.4627663642168045 8.338750839233398
0.39069201052188873 6.944610595703125
0.41911058872938156 7.18663215637207
0.4192987382411957 6.07791805267334
0.45389216393232346 7.758904933929443
0.4704568237066269 7.038297653198242
0.4992445856332779 6.044519424438477
0.44183114916086197 7.899982929229736
0.4390379935503006 4.734757423400879
0.4110620394349098 7.908938407897949
0.5312234312295914 7.211610317230225
0.44912874698638916 7.946606636047363
0.4675452709197998 5.040895462036133
0.489654965698719 7.994029998779297
0.577272579073906 7.6031813621521
0.559741199016571 9.078269958496094
0.5216538310050964 7.4480366706848145
0.46091489493846893 7.8726115226745605
0.6081348359584808 9.169474601745605
0.48450586199760437 9.147844314575195
0.4413955956697464 6.947818279266357
0.519526869058609 6.651628017425537
0.4482291042804718 8.535172462463379
0.5311717242002487 7.916084289550781
0.5040249526500702 5.356063365936279
0.5315472483634949 5.070222854614258
0.6084738522768021 4.289604663848877
0.5137209594249725 6.3398566246032715
0.5879584848880768 6.391292572021484
0.49787241220474243 5.324951648712158
0.8257315456867218 6.378035068511963
0.5715449154376984 7.692867279052734
0.5593472123146057 5.509466648101807
0.6080817505717278 6.195207595825195
0.5003030225634575 7.80354118347168
0.5767064541578293 8.261670112609863
0.4637914150953293 10.316234588623047
0.47349075973033905 7.411294937133789
0.455687016248703 8.599871635437012
0.7949413061141968 5.807821273803711
0.44619253277778625 6.770734786987305
0.5118263214826584 8.563314437866211
0.48890648782253265 7.456534385681152
0.4872388541698456 6.749598026275635
0.6061490774154663 7.249654769897461
0.660198912024498 5.627744674682617
0.4733225330710411 9.55472183227539
0.5081998407840729 7.527212619781494
0.47133971750736237 8.859682083129883
0.5898811519145966 6.094881057739258
0.5406192392110825 10.175237655639648
0.45906078815460205 8.900056838989258
0.4975089728832245 5.522895336151123
0.4955737739801407 7.6811113357543945
0.6010152697563171 4.713362216949463
0.5117447525262833 7.979943752288818
0.6172992140054703 7.376444339752197
0.5574004948139191 7.175666332244873
0.551081046462059 9.004493713378906
0.5417303591966629 6.874403953552246
0.5309093147516251 6.783656120300293
0.5128414332866669 8.14611530303955
0.6963776350021362 4.126314163208008
0.6829269826412201 5.967456817626953
0.8188593089580536 4.33524751663208
0.6876163184642792 5.483388423919678
1.2022325545549393 5.4274582862854
0.5348095595836639 7.613399982452393
0.4906982034444809 6.126540184020996
0.7392823845148087 8.47768497467041
0.5495564043521881 6.160987854003906
0.5085995197296143 6.763148784637451
0.5463097542524338 6.2898945808410645
0.6689956486225128 4.729138374328613
0.5873404741287231 6.371851921081543
0.5291161388158798 6.487578868865967
0.4906856417655945 8.526189804077148
0.4916100949048996 6.680541038513184
0.6030696481466293 6.451486110687256
0.5145795494318008 6.767757892608643
0.4890700429677963 7.080253601074219
0.746067076921463 7.071841716766357
0.5136536061763763 7.914173126220703
0.49427492916584015 5.897846698760986
0.6462724953889847 7.389601230621338
0.6026110500097275 7.762306213378906
0.6612659096717834 5.570164203643799
0.7076323628425598 5.92582893371582
0.5074270516633987 8.53847885131836
0.5556624978780746 7.9176201820373535
0.6277166903018951 7.755417346954346
0.6227402538061142 6.79987907409668
0.5397977381944656 8.46558666229248
0.5431675910949707 5.424976825714111
0.5947270840406418 6.266454219818115
0.6166461557149887 7.480630874633789
0.6593030691146851 4.393887042999268
0.5069469511508942 7.752683162689209
0.590597465634346 7.203800201416016
0.6228350102901459 6.325752258300781
0.5568706393241882 6.095968723297119
0.5753120929002762 7.068135738372803
0.7918835580348969 4.687078475952148
0.6016419231891632 6.3833160400390625
0.5981737077236176 6.520832538604736
0.609205037355423 5.745337963104248
0.6058375239372253 6.253457546234131
0.6255223453044891 6.271020889282227
0.6892563104629517 4.11541223526001
0.605586975812912 7.6056108474731445
0.611225888133049 7.922358512878418
0.6393460631370544 5.6377787590026855
0.6928009986877441 7.00238037109375
0.6456179171800613 6.753427982330322
0.6951198577880859 4.889410018920898
0.8111143112182617 5.021838188171387
0.67879618704319 6.295547008514404
0.549587219953537 6.012186050415039
0.9802604168653488 4.001572608947754
0.6105126887559891 6.198218822479248
0.7211481183767319 7.8556227684021
0.5682507753372192 6.148497581481934
0.674366682767868 6.10599946975708
0.6144817173480988 4.969890594482422
0.6734781861305237 5.501368999481201
0.6724092364311218 6.025238990783691
0.7173527479171753 5.255335330963135
0.685246616601944 6.25716495513916
0.6420792937278748 6.2675580978393555
0.7334052324295044 5.873359680175781
0.5803687125444412 6.31080436706543
0.6436253488063812 6.178523540496826
0.6503715813159943 6.205597400665283
0.58308145403862 5.4750823974609375
0.708464503288269 4.50986385345459
0.755588173866272 7.002944469451904
0.6796987652778625 5.7283172607421875
0.7733041048049927 5.419095993041992
0.5778109729290009 6.302028179168701
0.561825156211853 7.6650896072387695
0.5755523890256882 5.078355312347412
0.6393777877092361 6.976875305175781
0.5283903181552887 8.643070220947266
0.6667293608188629 6.856263637542725
0.6957758069038391 6.065643787384033
0.6582153290510178 6.477755069732666
0.7019949853420258 6.185664176940918
0.6094955503940582 6.826752185821533
0.6746450662612915 4.649085998535156
0.8690931648015976 6.190903186798096
1.0420153141021729 3.7121901512145996
0.6058918237686157 7.701600074768066
0.5650470852851868 6.969457149505615
0.8007179796695709 4.37238883972168
0.6887164562940598 8.709481239318848
0.620425209403038 6.907842636108398
0.661140114068985 6.236862659454346
0.678287535905838 7.242094993591309
0.7057150304317474 6.822815895080566
0.8081289231777191 5.040157794952393
0.901528388261795 5.481721878051758
0.6734054982662201 4.018503189086914
0.704962357878685 7.3239898681640625
0.7725951075553894 8.290119171142578
0.8111089468002319 6.274738311767578
0.5947065353393555 7.290870666503906
0.5802630633115768 7.6616082191467285
0.706898421049118 8.649690628051758
0.5703103691339493 7.339542865753174
1.0401001125574112 5.799516677856445
0.5698924511671066 6.682062149047852
0.6106987297534943 7.069587230682373
0.63069087266922 7.212549209594727
0.6943512856960297 7.052863121032715
0.806273803114891 6.406185150146484
0.6541450619697571 6.1648406982421875
0.7148997485637665 5.624398708343506
0.6256425678730011 5.622539043426514
0.5780078619718552 5.938816547393799
0.7265688329935074 7.63603401184082
0.6924625784158707 7.069469928741455
0.6027215421199799 7.3030195236206055
0.616302102804184 7.6943278312683105
0.5838930904865265 8.47458553314209
0.6187882274389267 7.151194095611572
0.7703328132629395 7.401730537414551
0.6576687395572662 7.437571048736572
0.6456935852766037 8.909703254699707
0.7052420526742935 6.777613639831543
0.6176985800266266 5.823206424713135
0.5790550857782364 6.4515485763549805
0.7303705513477325 7.753675937652588
0.8100437223911285 5.82559061050415
0.6561148762702942 7.693082332611084
0.7835829555988312 6.7328338623046875
0.6128469258546829 7.984868049621582
0.5389816462993622 8.535981178283691
1.0322033166885376 5.798138618469238
0.6761674880981445 4.990030765533447
0.6337064802646637 6.538715839385986
0.933133602142334 6.362794399261475
0.9510489702224731 4.695398330688477
0.6988597214221954 7.446653842926025
0.5520120859146118 8.691951751708984
0.6575886309146881 6.2976226806640625
0.8292471766471863 4.613544464111328
0.7530376613140106 6.368134498596191
0.794508546590805 5.770323753356934
0.7792989909648895 8.630859375
0.6777521371841431 4.816481590270996
0.6110229343175888 7.631704330444336
0.5775294601917267 6.1954264640808105
0.5862777382135391 8.471854209899902
0.6242790222167969 7.063725471496582
0.8300406336784363 4.132691860198975
0.713479220867157 5.984971523284912
0.7039379477500916 6.05131196975708
0.5928954184055328 6.949810028076172
0.729895293712616 4.999542236328125
0.8449888229370117 4.6704630851745605
0.7179000377655029 4.768627166748047
1.3246274590492249 4.438625335693359
0.6634461283683777 8.462764739990234
0.6643607765436172 6.532914638519287
0.6132299602031708 7.472181797027588
0.6891766488552094 6.284913539886475
0.62787064909935 7.097042560577393
0.5736388266086578 9.790733337402344
0.7515259087085724 5.181953430175781
0.6377188861370087 7.434455394744873
0.7203265428543091 4.749185085296631
0.6903031766414642 4.328792095184326
0.8234229981899261 6.373559951782227
0.6010448485612869 8.248607635498047
0.673600822687149 6.431756019592285
0.8852128088474274 5.304489612579346
0.8149230182170868 7.7514824867248535
0.673833578824997 6.269087314605713
0.7483640611171722 5.33819580078125
0.6717717051506042 7.03164005279541
0.6811818778514862 6.123258590698242
0.6326601207256317 6.846831798553467
0.7231976091861725 6.967871189117432
0.6772496998310089 4.855906963348389
0.7191446423530579 5.243806838989258
0.7002393007278442 4.9860758781433105
1.1986954510211945 3.8036012649536133
0.6908288598060608 6.092587947845459
0.6579629778862 6.868637561798096
0.873588502407074 7.5846848487854
0.5742659866809845 9.669761657714844
0.585165411233902 6.246885776519775
0.7327232509851456 7.007030010223389
0.7299473583698273 8.5571870803833
0.6138957738876343 6.46862268447876
0.9301230907440186 4.825486660003662
0.7373594045639038 6.941071033477783
0.655890628695488 8.6231050491333
0.6765874922275543 6.316962242126465
0.6836142688989639 8.665871620178223
0.6447834968566895 6.134618282318115
0.6686735451221466 6.115454196929932
0.7303890883922577 6.747481346130371
0.7677347958087921 6.246632099151611
0.5982984006404877 8.518272399902344
0.638006716966629 6.75746488571167
0.7068733870983124 6.647841453552246
0.6654309332370758 6.285324573516846
0.9968276172876358 5.355815410614014
0.619190439581871 7.710107326507568
0.8160870373249054 7.593249320983887
0.7726907432079315 5.2799577713012695
0.6370033770799637 5.918307781219482
0.7079123854637146 6.475641250610352
0.8710716366767883 5.375795841217041
0.7329331040382385 6.521440029144287
0.65659099817276 7.880950450897217
0.6825495809316635 9.22496509552002
0.7749067395925522 9.189014434814453
0.7209782004356384 7.25215482711792
0.6391677856445312 7.32796049118042
0.7247004359960556 7.373924255371094
0.9120061695575714 4.95122766494751
0.8335416316986084 7.893989562988281
0.715507984161377 4.69267463684082
0.7070268243551254 7.415811061859131
0.7974270880222321 6.003324031829834
0.6861312389373779 6.5647735595703125
0.7211072444915771 6.911837100982666
0.6762966215610504 5.9089579582214355
0.6859250068664551 5.6952409744262695
0.7815796434879303 6.1576385498046875
0.6688797771930695 6.263286113739014
0.8860774636268616 3.1502320766448975
0.7924363315105438 6.306489944458008
0.7700859606266022 6.452577590942383
0.9044382870197296 6.23525857925415
0.9111227691173553 4.269077777862549
0.7381686717271805 7.557820796966553
0.6587238013744354 8.99332332611084
0.833745926618576 8.878052711486816
0.670630544424057 6.543422222137451
0.8293573260307312 5.335201263427734
0.8295208215713501 5.259672164916992
0.5620773285627365 9.41453742980957
0.827022135257721 6.214448928833008
0.672283798456192 6.914159297943115
0.637819841504097 6.8451828956604
0.6095196455717087 6.771112442016602
0.6188359260559082 7.633039474487305
0.6268419325351715 8.040257453918457
0.6787303686141968 5.625075817108154
0.8277787864208221 6.198988437652588
0.9408982396125793 6.429866313934326
0.6621822714805603 6.743587017059326
0.7108792811632156 6.98355770111084
0.630587249994278 6.866937160491943
0.7807801365852356 7.176531791687012
0.7122646123170853 8.914560317993164
0.7398748844861984 8.284914016723633
0.6585900038480759 8.834711074829102
0.7386344820261002 9.131258010864258
0.7111051082611084 9.162290573120117
0.7656773030757904 7.17460823059082
0.7278808057308197 7.901804447174072
1.000587522983551 3.5865304470062256
1.0130499005317688 5.5318403244018555
0.828393816947937 7.1400146484375
0.658721387386322 7.540814399719238
0.7509682774543762 8.6251220703125
0.6217028945684433 7.294611930847168
0.805223673582077 4.878950595855713
0.6660520136356354 5.956841468811035
0.862702876329422 6.168050765991211
0.7800729423761368 7.838757514953613
0.8906382024288177 7.368894577026367
0.9237004518508911 6.117703914642334
0.8428242802619934 7.529371738433838
0.5922612696886063 6.226856708526611
0.811905175447464 8.548332214355469
0.7686525285243988 5.125460147857666
0.7897164523601532 5.433382034301758
0.8195031881332397 6.525186061859131
0.7269908487796783 6.544711112976074
0.664722666144371 7.986196041107178
0.6481131166219711 9.31395435333252
0.6536517441272736 8.895567893981934
0.6471501737833023 8.474333763122559
0.9158881902694702 7.940011024475098
0.7680319845676422 4.645489692687988
0.7548268735408783 5.420730113983154
0.824234664440155 6.815809726715088
0.6492082178592682 7.352356433868408
0.7650927007198334 4.54680871963501
0.7486977279186249 4.896359443664551
1.0863378942012787 4.5078911781311035
0.6816671788692474 5.411907196044922
0.728215366601944 6.961748123168945
0.8984912931919098 5.082939624786377
0.7853263318538666 6.5705742835998535
0.6986142098903656 8.172599792480469
0.7380452156066895 7.1931962966918945
0.7656969130039215 5.75614070892334
0.7719056606292725 8.322257041931152
0.7593801021575928 6.468075752258301
0.697894960641861 6.490813732147217
0.7646058797836304 5.462113857269287
0.8379763066768646 6.054418087005615
0.6910970211029053 6.957069396972656
0.7659962177276611 5.194764137268066
0.7239851802587509 6.310765266418457
0.6983231008052826 7.695063591003418
0.7099117338657379 6.42009162902832
0.7806335389614105 6.854741096496582
0.6685784161090851 8.988472938537598
0.8134528398513794 5.2308878898620605
0.7413373291492462 7.448491096496582
0.6633762717247009 7.513795375823975
0.6759752035140991 5.864387512207031
0.6290102750062943 8.664082527160645
0.6758847683668137 7.439308166503906
0.6299016922712326 7.182272434234619
0.9386690855026245 5.6266865730285645
0.7091048955917358 5.430186748504639
0.8385270833969116 6.131225109100342
0.8248114883899689 6.300224304199219
0.8502101600170135 5.563467025756836
0.7564211189746857 6.89060640335083
0.7415444254875183 4.87517786026001
0.9872511625289917 5.573101043701172
0.6963207423686981 5.717367172241211
0.6665850281715393 7.100555896759033
0.8994973301887512 6.780622482299805
0.7243788242340088 8.71688175201416
0.7229483425617218 6.607537269592285
0.9081719368696213 6.684715270996094
0.8166494965553284 5.358965873718262
0.8768386542797089 6.18798303604126
0.6099532693624496 6.628715515136719
0.7907325327396393 6.36978816986084
0.5866532623767853 7.222618579864502
0.7761938273906708 7.528733730316162
0.5743455439805984 8.071560859680176
0.7547683715820312 8.039629936218262
0.8300733864307404 7.908247947692871
0.8105063736438751 5.419924736022949
0.6467149257659912 6.0695905685424805
0.9506224095821381 9.902546882629395
0.7457350492477417 8.602642059326172
0.724748820066452 6.438218593597412
0.7449075877666473 8.12405014038086
0.7670460492372513 9.751898765563965
0.5950587391853333 8.548215866088867
0.6028054803609848 8.262970924377441
0.7433909326791763 6.710810661315918
0.6249534338712692 9.7514009475708
0.6338565647602081 8.252477645874023
0.655263751745224 6.285542964935303
0.6511390656232834 6.783288955688477
0.6317413449287415 6.571685314178467
0.6585856378078461 6.186914920806885
0.9009972214698792 5.875452518463135
0.7115870714187622 10.684793472290039
0.766300305724144 7.482691764831543
0.6397158205509186 10.722302436828613
0.593735471367836 8.048908233642578
0.7896909117698669 5.961374282836914
0.6951895356178284 6.972467422485352
0.8329577445983887 5.712310314178467
0.8819435685873032 7.8530378341674805
0.7010903358459473 6.536036014556885
0.5987006723880768 9.686335563659668
0.6294126212596893 9.790261268615723
0.6212581098079681 10.051426887512207
0.5786909312009811 9.50251579284668
0.5839540660381317 6.91099739074707
0.7062947750091553 5.485017776489258
0.7971365451812744 7.340138912200928
0.7282789051532745 6.840860843658447
0.6824610829353333 8.078265190124512
0.6550717353820801 5.355480670928955
0.797105997800827 7.998130798339844
0.885901004076004 5.767901420593262
0.8884845525026321 6.804870128631592
0.648285448551178 7.706201076507568
0.7817077487707138 10.217086791992188
0.7336500585079193 9.690303802490234
0.5986663997173309 6.109328269958496
0.6088748276233673 8.251274108886719
0.8074755221605301 6.856161594390869
0.5889945179224014 9.589221954345703
0.5818827599287033 9.676934242248535
0.7758584767580032 8.917757987976074
0.8140896111726761 10.937771797180176
0.8618749380111694 8.888046264648438
0.6146610379219055 9.449847221374512
0.7353659123182297 9.619152069091797
0.6901370733976364 10.160924911499023
0.626166969537735 8.578103065490723
0.7050696909427643 9.791459083557129
0.6199595183134079 10.247008323669434
0.606395497918129 9.618104934692383
0.7360624074935913 7.666971683502197
0.7456000596284866 10.336773872375488
0.6585973501205444 6.916436672210693
0.5826601982116699 7.934764862060547
0.5894888043403625 7.707348346710205
0.8215474784374237 7.067387580871582
0.8161072134971619 5.353600978851318
1.0349048674106598 4.574936866760254
0.8247184157371521 4.058449745178223
0.886062890291214 6.118097305297852
0.6052322238683701 7.075560092926025
0.8594633936882019 5.722165584564209
0.8105822801589966 6.847367763519287
0.6616490483283997 7.6233601570129395
0.7795373201370239 6.376007080078125
0.7855421304702759 7.792520046234131
0.5791852921247482 6.125664710998535
0.6224249601364136 8.394792556762695
0.6994917392730713 6.8522114753723145
0.6992750465869904 5.374080657958984
0.6841308772563934 7.484168529510498
0.5441872030496597 7.712964057922363
0.8124717473983765 5.970274925231934
0.6349428594112396 6.578617572784424
0.6009780019521713 7.502631664276123
0.7773818522691727 6.81544828414917
0.709822803735733 7.290771961212158
0.6692976951599121 7.7624192237854
0.6202837079763412 6.648987770080566
0.5671870708465576 8.769160270690918
0.6204180419445038 6.5610504150390625
0.7886395156383514 6.974513530731201
0.6147838830947876 8.684359550476074
0.7506647109985352 6.936223983764648
0.7773819118738174 7.174923896789551
0.5647399872541428 11.352396011352539
0.8444472253322601 7.9045538902282715
0.6589221656322479 9.976197242736816
0.7322967648506165 7.934343338012695
0.7457984089851379 5.7942705154418945
0.619312047958374 9.70718765258789
0.8788611888885498 5.091890335083008
0.7338385581970215 6.7633795738220215
0.5577469617128372 6.622129440307617
0.7607635855674744 7.120947360992432
0.6994547247886658 7.583152770996094
0.7151798158884048 8.422122955322266
0.8586759567260742 6.02110481262207
0.6866462230682373 7.011124610900879
0.7020120471715927 6.821538925170898
0.7874009609222412 4.692198276519775
0.934588611125946 5.3579182624816895
0.8504798114299774 7.77089786529541
0.7566846162080765 8.265921592712402
0.5996332764625549 5.573992729187012
0.657272219657898 8.9154634475708
0.7656305134296417 9.025444030761719
0.8429388999938965 5.450135231018066
0.6320330649614334 8.153369903564453
0.7373212575912476 5.965448379516602
0.8849698305130005 8.09429931640625
0.7190114259719849 8.028999328613281
0.7903873324394226 6.929790496826172
0.6806520521640778 9.493951797485352
0.5913616120815277 7.370694637298584
0.6505304276943207 5.703073024749756
0.7209737598896027 5.677586555480957
0.5786819756031036 9.429919242858887
0.6659666001796722 6.790891170501709
0.6803365349769592 6.160742282867432
0.7873465418815613 6.687313079833984
0.8005859702825546 7.4637227058410645
0.7047362178564072 9.24431037902832
0.8462642282247543 7.740753650665283
0.6931398808956146 10.234870910644531
0.8588641583919525 10.378498077392578
0.6037375330924988 9.964740753173828
0.5778404027223587 8.327987670898438
0.6265524178743362 7.672428131103516
0.6971570551395416 7.25456428527832
0.7672691941261292 8.907892227172852
0.5863538086414337 8.59131908416748
0.7879451513290405 5.790379047393799
0.912938117980957 4.44678258895874
0.78526771068573 5.565313816070557
1.0862524807453156 5.450484275817871
0.8164062798023224 4.9510111808776855
0.8363998234272003 7.21466588973999
0.661682739853859 7.405016899108887
0.7961741983890533 6.346490859985352
0.7326579391956329 8.393511772155762
0.7174299657344818 8.580126762390137
0.8443272411823273 4.756967544555664
0.7355400621891022 6.3049845695495605
0.7233900129795074 6.479081630706787
1.1013910472393036 5.2579827308654785
0.6922561824321747 6.770655155181885
0.9976995587348938 7.714709758758545
0.6491290926933289 5.691300392150879
0.717901200056076 7.42935037612915
0.5812065303325653 8.650821685791016
0.5638871490955353 11.320905685424805
0.7384841442108154 6.7077860832214355
0.6720906049013138 8.73300838470459
0.6205591559410095 6.956223964691162
0.7257291376590729 6.69956636428833
0.6412049978971481 6.37913179397583
0.5917691290378571 6.946183204650879
0.6662996113300323 6.5201287269592285
0.9091832190752029 6.254794597625732
0.6403841525316238 7.044685363769531
0.6540679037570953 6.188608169555664
0.6790391802787781 9.156047821044922
0.7495730817317963 9.620757102966309
0.6068582236766815 6.210333824157715
0.6953797340393066 5.4250874519348145
0.713052973151207 4.950375080108643
0.7433465719223022 5.967560291290283
0.6144521534442902 7.091545581817627
0.7423703819513321 5.965145111083984
0.7421164512634277 6.539204120635986
0.9798904955387115 7.254499435424805
0.667703241109848 8.633121490478516
0.5881889760494232 7.487133026123047
0.81575807929039 7.642647743225098
0.6467016041278839 8.084442138671875
0.6615500003099442 8.495504379272461
0.7561056613922119 8.214807510375977
0.6112833619117737 11.21259593963623
1.2451078444719315 6.125297546386719
0.744447648525238 9.214183807373047
1.1111848950386047 4.462137222290039
0.6421485245227814 7.5200700759887695
0.8117063045501709 6.367285251617432
0.7149566113948822 6.2208709716796875
0.7492910921573639 6.839148044586182
0.7746295630931854 4.749194622039795
0.7070993483066559 8.785223007202148
0.7508371472358704 8.28375244140625
0.7970099747180939 5.937918186187744
1.1986264288425446 4.731829643249512
0.8050321340560913 7.447200298309326
0.8441688418388367 6.852128505706787
0.7361025512218475 6.3027262687683105
0.7110837399959564 7.2336955070495605
0.8910402655601501 5.56428337097168
0.6387405395507812 5.499660968780518
0.760789543390274 6.614630222320557
0.962998241186142 5.16649866104126
0.6835329234600067 7.453200340270996
0.67243692278862 5.620853900909424
0.8682880401611328 5.015620708465576
0.6839702725410461 6.3266777992248535
1.3995753526687622 5.618523597717285
0.8941466212272644 6.062132835388184
0.6833204030990601 7.2165937423706055
0.8722577095031738 5.813398838043213
0.7765087783336639 5.710725784301758
0.8885045051574707 5.315102577209473
0.8245062232017517 6.738809108734131
0.9057085812091827 6.841594696044922
0.8931679725646973 4.8293657302856445
0.8654557466506958 6.073023796081543
1.1110166907310486 4.743854999542236
0.7269949316978455 6.579802513122559
0.738304078578949 6.029562950134277
0.8525912463665009 4.98341178894043
0.6813604235649109 5.5499796867370605
0.9104938805103302 5.660760879516602
0.8165083527565002 6.601583480834961
0.8011001348495483 6.090779781341553
0.8806401789188385 7.497706890106201
1.293146088719368 6.449735164642334
0.8697439134120941 5.765371322631836
0.586178332567215 6.974699974060059
0.6333176493644714 6.3666839599609375
0.6951890885829926 6.168117523193359
0.7307562530040741 6.513827800750732
0.7240802049636841 7.660363674163818
0.689422219991684 6.489288330078125
0.6051468998193741 10.169079780578613
0.7203049659729004 5.209095001220703
0.7210936844348907 5.750862121582031
0.8844757676124573 6.4761271476745605
0.6839220225811005 5.4029622077941895
0.8638366758823395 4.043391704559326
0.6800214201211929 6.891792297363281
0.6997042000293732 6.0178093910217285
0.6126220375299454 5.6280059814453125
0.7560795247554779 5.114547252655029
1.0207696557044983 6.908564567565918
0.7119425535202026 5.433331489562988
0.8156542479991913 5.813171863555908
0.6622007489204407 6.560612678527832
0.9068729281425476 5.245143890380859
0.8445446491241455 6.1742448806762695
0.6884300261735916 6.976536750793457
0.8129907548427582 5.17708158493042
0.7545313537120819 7.366671085357666
0.8162548243999481 6.291987419128418
0.7427568882703781 6.613058090209961
0.7238321304321289 6.067715167999268
0.9596332609653473 5.787731647491455
0.7128184139728546 5.630764484405518
0.991138219833374 4.9762139320373535
0.7824759483337402 7.541479587554932
0.9747788608074188 6.238251686096191
0.9074828624725342 5.627506732940674
0.7484977543354034 7.581576347351074
0.6829475462436676 6.34611177444458
0.7413199841976166 5.914098739624023
0.7435955107212067 6.137726783752441
0.7048577666282654 6.0640482902526855
0.7984660863876343 7.073022365570068
0.8406559526920319 7.065677165985107
0.8251650929450989 6.134552955627441
0.7213331758975983 7.941051483154297
0.9159404337406158 6.35637092590332
0.7708464562892914 7.451674938201904
0.5943286716938019 9.2240629196167
0.8783068954944611 4.915638446807861
0.8842823505401611 8.221609115600586
0.7852542698383331 5.034688472747803
0.9490746557712555 5.2018537521362305
0.8196612000465393 6.878028392791748
0.8112110793590546 6.34956169128418
0.9733555912971497 5.66032600402832
0.8915877044200897 6.540881156921387
0.7718508392572403 5.422797203063965
0.7060692012310028 5.9193115234375
0.8383384048938751 6.929132461547852
0.8303407728672028 5.874197483062744
0.6840096563100815 6.989680290222168
0.8012663722038269 6.108617782592773
0.6912678182125092 6.986835956573486
0.7583352029323578 6.539659023284912
0.8174925148487091 5.822977542877197
0.7508217096328735 7.368035316467285
0.927996426820755 4.016923904418945
0.8016687333583832 4.504288673400879
0.762552946805954 4.494329452514648
0.7527654767036438 5.766903877258301
0.8782736957073212 5.386210918426514
0.6359398663043976 8.607148170471191
0.6770559996366501 7.7025346755981445
0.6620666980743408 6.514477252960205
0.8513685166835785 5.5338850021362305
0.9374463856220245 5.396274566650391
0.825496256351471 4.609251976013184
0.7822002470493317 7.599365234375
0.901463657617569 6.129426956176758
0.7423953115940094 4.994711875915527
1.211816519498825 6.68760347366333
0.7399181127548218 8.799595832824707
0.9729699492454529 7.062893390655518
0.6771648824214935 6.936915874481201
0.9592677354812622 5.203856945037842
0.7217309772968292 6.093969821929932
0.6621271371841431 6.347480773925781
0.8311982154846191 5.605429649353027
0.8678867220878601 4.703238487243652
0.8348391652107239 7.412160873413086
0.8886700868606567 4.834239482879639
0.9536539316177368 5.589048862457275
0.7821142673492432 4.405148506164551
0.7745219618082047 6.140926361083984
0.7653881907463074 5.403988838195801
0.8252480328083038 4.352330684661865
0.8774396181106567 5.01578426361084
0.9545018374919891 5.144286632537842
0.8910140097141266 5.9141082763671875
0.897250235080719 4.799505233764648
0.9847544729709625 6.657721042633057
0.9238762259483337 6.860125541687012
0.8392417132854462 4.421894073486328
0.7941218316555023 6.520401477813721
0.7484105229377747 5.4720869064331055
0.8395485281944275 5.1788249015808105
0.7006157040596008 6.906879901885986
0.8629290461540222 5.104286193847656
0.8844676911830902 5.820535182952881
0.7251730561256409 5.459463596343994
1.0523972511291504 3.962144374847412
0.8086474537849426 4.837855815887451
0.9012982249259949 6.765718936920166
0.8842059969902039 5.238378047943115
0.6537886559963226 5.019132614135742
0.8397825062274933 3.950385570526123
0.8173751384019852 5.490549087524414
0.7492968589067459 5.681984901428223
0.8241677135229111 5.550253868103027
0.7843868434429169 4.944468975067139
0.7523132413625717 5.9316511154174805
0.8286339640617371 6.872527122497559
0.8082292377948761 5.289434432983398
0.7379625141620636 6.490771770477295
0.9344172775745392 5.139585494995117
0.7892321944236755 6.012470722198486
0.877302497625351 6.977766513824463
0.6654073148965836 6.243434429168701
0.9298289716243744 4.712582111358643
1.0056834816932678 6.466617107391357
0.7011080682277679 6.182482719421387
0.8716632127761841 5.2266058921813965
0.933851808309555 4.804196834564209
0.8582102656364441 5.231559753417969
0.78985296189785 6.199629783630371
0.7943493723869324 4.644913196563721
0.9444484412670135 5.124450206756592
0.9440577924251556 5.741770267486572
0.8412488400936127 5.276044845581055
0.7837207913398743 5.151010513305664
1.133886694908142 4.571253299713135
0.8302668333053589 5.26796817779541
0.8433489799499512 5.283798694610596
0.8136751651763916 4.977969169616699
0.7671427130699158 6.234936714172363
0.713792011141777 7.022730827331543
1.0027237832546234 4.383411407470703
0.77157923579216 5.953855991363525
0.8035213053226471 5.898873329162598
0.8883254826068878 5.7650370597839355
1.0245273411273956 6.22118616104126
0.8035898059606552 5.411370277404785
0.8587021231651306 5.059727668762207
0.9277354776859283 4.120546340942383
0.8737381994724274 4.280956745147705
0.951036810874939 4.785624027252197
0.8573609590530396 6.444986343383789
0.9443105459213257 6.056308269500732
0.7106167078018188 6.2415876388549805
0.7943063080310822 5.452417850494385
0.7158540487289429 5.675640106201172
0.7924705147743225 4.649789810180664
0.7976728677749634 5.197339057922363
1.044576734304428 4.394249439239502
1.0021240413188934 5.768161296844482
0.9130533039569855 4.606091022491455
0.8551083505153656 5.344864845275879
0.8742807507514954 4.642501354217529
0.9683200269937515 5.984680652618408
0.6978017687797546 5.998421669006348
0.7087911516427994 6.599314212799072
0.7104662209749222 5.635662078857422
0.6865890771150589 6.1680707931518555
0.6892231702804565 5.869980335235596
0.7309535294771194 6.399181365966797
0.6683114916086197 6.510589599609375
0.7947184145450592 6.010834693908691
0.8479497134685516 5.641465187072754
0.8006725609302521 6.332877159118652
0.8746396899223328 5.633583068847656
0.8687644898891449 5.202831268310547
0.9075181782245636 5.973333835601807
0.7985047399997711 6.214052677154541
0.7256608307361603 5.759945869445801
0.8095164895057678 6.854860782623291
0.8524240851402283 8.07138729095459
0.9938313961029053 5.308454513549805
0.9733518064022064 5.598508834838867
0.8882598578929901 5.176319599151611
0.638233408331871 6.673455715179443
0.8464925587177277 5.9087371826171875
0.9076616168022156 5.81321382522583
0.9601481258869171 4.787736415863037
0.895441859960556 4.054244518280029
0.8250381946563721 6.5731706619262695
0.9401299953460693 6.094183921813965
0.8718017339706421 7.318399429321289
0.7357797622680664 5.950822830200195
0.9711398780345917 6.696203708648682
0.8720380663871765 6.131190299987793
0.9104185700416565 5.696878910064697
0.8156486749649048 5.982298374176025
0.7646020650863647 7.365955352783203
0.7828071117401123 5.522884845733643
0.6363807618618011 8.761309623718262
0.6799667030572891 7.591780662536621
0.8138628900051117 7.884793281555176
0.9187032282352448 5.284601211547852
0.6835395246744156 7.545957088470459
0.8647885918617249 7.2279276847839355
0.743597686290741 4.942852020263672
0.8780359029769897 6.299933910369873
0.800938606262207 4.933746337890625
0.6921015679836273 5.637548923492432
0.9636285901069641 5.030714511871338
0.8342465460300446 5.265683174133301
0.8438646495342255 4.73274040222168
0.8506310880184174 5.463169574737549
0.8092980682849884 6.476846218109131
0.7891135811805725 6.846900463104248
0.8170900940895081 5.7922868728637695
1.0176414847373962 6.124792098999023
0.8098128139972687 6.313904285430908
0.7509723603725433 7.744323253631592
0.7525170147418976 4.722658157348633
1.0016339421272278 5.1741204261779785
0.8171327710151672 5.926904201507568
0.7075012922286987 5.602816581726074
0.6820051074028015 7.0386528968811035
0.7723552286624908 5.88634729385376
0.7984811961650848 6.20682430267334
0.7414472103118896 6.321979999542236
0.8458575010299683 6.17162561416626
0.8499266505241394 5.715081214904785
0.8491510152816772 6.227316379547119
1.0055114328861237 3.5582244396209717
0.9056445062160492 5.8316826820373535
0.9758861362934113 5.56392765045166
0.7590560019016266 6.005077362060547
0.8936094343662262 5.516904830932617
0.6525897979736328 5.674322605133057
0.7808441519737244 5.1894426345825195
0.6928963214159012 6.3816728591918945
1.118989109992981 3.998290538787842
0.8261722922325134 5.669219017028809
0.7809200882911682 6.289703369140625
0.7433447241783142 5.681147575378418
0.9197793900966644 4.792414665222168
0.7836058139801025 6.4290032386779785
0.7354620695114136 6.136841773986816
0.8964017629623413 5.2348432540893555
0.9733447432518005 4.230006694793701
1.2516589164733887 5.1452131271362305
0.7378423511981964 6.0498223304748535
0.8436481654644012 8.032426834106445
0.785457581281662 6.379060745239258
0.9867042601108551 4.459239482879639
0.8786039054393768 4.369236469268799
0.7681383192539215 6.571718215942383
0.6735809892416 7.057231903076172
0.7664719223976135 6.557821750640869
0.8347314596176147 4.734142780303955
0.7656084597110748 6.470182418823242
0.8488673567771912 4.650511741638184
0.7928507179021835 6.466197490692139
0.7069120705127716 7.016987323760986
0.7280287444591522 6.511573314666748
0.7277376651763916 7.120972156524658
0.8440143167972565 6.069968223571777
0.733647495508194 4.9072980880737305
0.9028401374816895 4.590512752532959
0.8686231970787048 5.632040500640869
0.8102997243404388 5.766556262969971
0.8951554596424103 5.661733150482178
0.7000790238380432 5.301275730133057
0.9673707485198975 4.5786519050598145
0.8145635426044464 4.975461483001709
0.8467490673065186 4.863142967224121
0.9418868124485016 5.911211013793945
0.8729085624217987 6.048604488372803
0.6816640794277191 5.6105570793151855
0.7346479445695877 7.45626974105835
0.72574383020401 5.259958267211914
0.7725146114826202 5.3431901931762695
0.7202278971672058 5.684914588928223
0.6934627294540405 5.631774425506592
0.7628742158412933 5.498696804046631
0.8674959242343903 4.328717231750488
0.6906425654888153 6.17549991607666
1.0640722811222076 5.332573890686035
0.881413608789444 6.768791675567627
0.77699875831604 6.883983135223389
0.7317318618297577 5.055600643157959
1.0065231919288635 4.3538336753845215
0.7378154844045639 6.793860912322998
0.7425218224525452 7.346075534820557
0.8228500485420227 5.2665300369262695
0.9451608061790466 6.057854652404785
0.6144952028989792 6.704753875732422
0.6087821125984192 6.293468952178955
0.8672978729009628 7.423303604125977
0.6073366850614548 7.326474189758301
0.7389031946659088 5.835647106170654
0.8131589591503143 5.081123352050781
1.1140763759613037 4.793158531188965
0.8808306455612183 4.389810085296631
0.7531786561012268 5.647121906280518
0.7346241772174835 6.231152534484863
0.6967265009880066 5.570944786071777
0.7690618336200714 4.594524383544922
0.7700881063938141 5.908511638641357
0.8684218525886536 6.16244649887085
0.8726461231708527 6.382606029510498
0.6403179615736008 5.406494140625
0.721766009926796 7.579431533813477
0.7609741985797882 5.4541144371032715
0.7060102224349976 6.086584568023682
0.685689240694046 6.013897895812988
0.6262098550796509 7.054708480834961
0.7794099748134613 5.633910655975342
0.7261708676815033 5.6270623207092285
0.7358742654323578 5.517682075500488
0.8557067215442657 7.136511325836182
0.8259432017803192 4.551923751831055
0.8164109885692596 6.616515636444092
0.8406802415847778 7.003032684326172
0.6964114308357239 5.518303871154785
0.9323132336139679 5.551402568817139
0.7755110263824463 5.643798351287842
0.8033174574375153 6.944913864135742
1.0150351822376251 4.350240707397461
0.7031526416540146 6.231849193572998
0.6996363997459412 5.219388961791992
0.9269273281097412 5.134629726409912
0.7434113025665283 5.496028900146484
0.7549057304859161 6.687475204467773
0.858291745185852 4.707498550415039
0.9897679686546326 5.710445880889893
0.7109493315219879 6.3022780418396
0.7765331864356995 5.990839958190918
1.0921270847320557 5.09797477722168
0.8708847463130951 4.437311172485352
0.9563571810722351 4.560798645019531
0.7022512257099152 5.968215465545654
0.8707147538661957 4.659422397613525
0.7695751488208771 5.598482608795166
0.8672106266021729 5.416606903076172
0.6035782098770142 6.288886070251465
0.7058457732200623 6.027769088745117
0.8143749237060547 4.5773138999938965
1.0528981983661652 4.650557518005371
0.9035398662090302 4.9001312255859375
1.0924435257911682 3.4772961139678955
0.9097341597080231 4.432178497314453
0.7697242498397827 4.988842964172363
0.7627344131469727 6.468795299530029
0.88262540102005 5.7331862449646
0.8618356883525848 4.756982803344727
1.0315261036157608 4.561968803405762
0.8385897874832153 6.662144184112549
0.9652088582515717 5.657776355743408
0.7707957625389099 6.344403266906738
0.9732753336429596 5.800716876983643
0.6534189730882645 6.302526473999023
0.777817040681839 6.762599945068359
0.8361891806125641 5.962230205535889
0.8144488781690598 7.3146162033081055
0.8794825077056885 4.7422661781311035
0.764201283454895 5.318021297454834
0.745476245880127 4.445252418518066
0.974834144115448 5.295051097869873
1.0388141870498657 4.431692600250244
0.9450269937515259 4.447099685668945
1.1623071730136871 6.54772424697876
0.9167721569538116 6.691919326782227
0.7324084937572479 7.11716890335083
0.9839289784431458 4.504863262176514
0.8219094276428223 5.2421956062316895
0.7143619656562805 5.2513837814331055
0.9067381024360657 5.04509973526001
0.9987641870975494 4.499331951141357
0.797218531370163 4.9880242347717285
0.7581674456596375 7.343145370483398
0.976342111825943 5.813427448272705
0.6564383953809738 7.07699728012085
0.7847234010696411 6.444027900695801
0.9541590809822083 4.917505264282227
0.7831785678863525 5.737059116363525
0.7970404624938965 4.820449352264404
1.109305500984192 3.9032785892486572
0.8505530059337616 5.188398838043213
0.8725736141204834 5.993139743804932
1.0613256990909576 5.284729480743408
0.7840825617313385 4.873813152313232
0.8094414472579956 5.72567081451416
0.7395378649234772 5.557781219482422
0.8600044250488281 5.731753349304199
0.780218094587326 5.136547565460205
0.8461850881576538 5.11510705947876
0.6914618611335754 5.920942306518555
0.8681782484054565 5.172879219055176
0.8878238201141357 5.245580673217773
1.0244003534317017 4.044164180755615
0.8100147247314453 4.968286037445068
0.688321515917778 5.611886024475098
0.7201366722583771 5.768616199493408
0.8737987279891968 4.442083835601807
0.7573834359645844 6.389914035797119
1.0760164260864258 4.6197123527526855
0.9326588958501816 6.80118989944458
0.811506450176239 5.483564376831055
0.9260337948799133 5.178257942199707
0.7598702311515808 7.025609970092773
1.0192100405693054 4.111259937286377
0.7140762209892273 6.546849727630615
0.6489787250757217 5.891582489013672
0.7411604523658752 5.631892204284668
0.6908935904502869 5.304321765899658
0.7694986462593079 6.944919109344482
0.8874490559101105 4.4863362312316895
0.8540784120559692 5.039858818054199
0.6386146545410156 6.722477912902832
0.820732980966568 5.64053201675415
0.7979382574558258 5.688994407653809
0.8505659997463226 5.344164848327637
0.7984316349029541 6.0544891357421875
0.6340718269348145 6.341704845428467
0.6871549487113953 4.994369983673096
0.7033353447914124 5.757843494415283
0.9455629885196686 5.598782539367676
0.6787353157997131 5.319853782653809
0.8264247179031372 5.266902446746826
0.6622425019741058 6.2623610496521
0.7653162479400635 5.0078125
0.7377906143665314 5.295389175415039
0.8362912535667419 4.984342575073242
1.0087365806102753 5.295107841491699
0.7534510493278503 6.765155792236328
0.7766169458627701 5.460867881774902
0.7692103385925293 5.129705905914307
0.6900427788496017 8.226119995117188
0.8030229061841965 6.218544006347656
0.6782040745019913 5.353260517120361
0.6201956123113632 6.252872943878174
0.7499736845493317 5.469119548797607
0.8232873976230621 4.667968273162842
0.7854035198688507 4.120629787445068
0.9166794419288635 5.947371482849121
0.7067845165729523 6.5740580558776855
0.8383472263813019 4.457890510559082
0.7159395515918732 6.89072847366333
0.7061436176300049 6.859080791473389
0.6995982229709625 5.584244251251221
0.9649739563465118 5.258235454559326
0.8394697904586792 4.776876926422119
0.7908694446086884 4.254609107971191
1.0871945023536682 5.505028247833252
0.8331763446331024 6.075922966003418
0.75504270195961 6.089083194732666
0.9466693699359894 5.28740930557251
0.7356969714164734 4.495251655578613
0.7556056082248688 6.762295246124268
0.7151269018650055 6.325689315795898
0.806633859872818 5.613405704498291
0.7514421343803406 7.20703649520874
0.7574276626110077 6.028135299682617
0.9469918310642242 5.144139289855957
0.8775912821292877 5.275691032409668
0.8774813413619995 4.933632850646973
0.7478345036506653 5.208192348480225
0.8244277834892273 6.1472368240356445
0.8448190093040466 4.168776988983154
0.6838353276252747 4.484532833099365
0.9130000472068787 5.662229061126709
0.8622688353061676 5.986402988433838
0.8107041120529175 5.060798645019531
0.7516942918300629 5.485212802886963
0.6198108792304993 7.173984527587891
0.7091276198625565 4.95385217666626
0.8028793931007385 5.246818542480469
0.7984141707420349 4.705658912658691
0.8064712285995483 4.399038314819336
0.8240094482898712 5.079849720001221
0.7211275398731232 5.6307878494262695
0.6905531287193298 5.257182598114014
0.7784924507141113 4.41939640045166
1.1198116689920425 6.796113014221191
0.7656480371952057 7.135700225830078
0.7076937556266785 5.810842514038086
0.7391797304153442 6.182750701904297
0.9312127530574799 7.50974702835083
1.002155601978302 5.623002529144287
0.7438183128833771 5.309126377105713
0.7573469579219818 5.126682281494141
0.7169331610202789 6.649534225463867
0.8917874097824097 5.1524248123168945
0.6980158090591431 4.684893608093262
0.932814359664917 5.344574928283691
0.7220892310142517 6.5258402824401855
1.0573810040950775 4.3804779052734375
0.7536095380783081 5.006442070007324
0.7886873185634613 5.431115627288818
0.6961610317230225 5.643520355224609
0.804303765296936 4.73181676864624
0.6841726005077362 4.716996669769287
0.9445480406284332 4.760717868804932
0.7637159526348114 6.852970123291016
0.9182368218898773 3.635598659515381
0.7254162430763245 5.090926170349121
0.8830747008323669 5.73342752456665
0.8293936252593994 4.759645938873291
0.7943241894245148 5.33132791519165
0.8838726282119751 5.361682891845703
0.9075493216514587 4.70945930480957
0.8473655879497528 4.95314884185791
0.6884451508522034 5.43202018737793
1.0552153289318085 5.137117385864258
0.735998123884201 6.297740459442139
0.7119724154472351 4.913712024688721
0.8382980525493622 4.684986114501953
0.7403710186481476 5.36577033996582
0.7309423834085464 4.730993747711182
0.7359897494316101 5.8109941482543945
0.8478842377662659 5.161757946014404
0.7226071059703827 6.38063383102417
0.7856537997722626 5.60093355178833
0.6790316104888916 6.866297245025635
0.6882144659757614 5.364339828491211
1.0266508907079697 6.077231407165527
0.7453845739364624 7.10190486907959
0.7209428399801254 6.546324253082275
0.717890053987503 6.00758171081543
0.7287032008171082 6.129290580749512
0.8537091612815857 5.189070224761963
0.7748116254806519 5.410070419311523
0.677036464214325 6.426259994506836
0.6720426678657532 5.416443824768066
0.8564969897270203 3.9240870475769043
0.7622264325618744 5.865532875061035
0.8437861800193787 4.759833812713623
0.9488614946603775 6.393759727478027
0.7570349425077438 6.009135723114014
0.7662665247917175 6.366817951202393
0.6580404937267303 6.504310607910156
0.8175736665725708 5.637401103973389
0.6938433945178986 5.2488837242126465
0.6515778005123138 6.849957466125488
0.7101203203201294 5.301619052886963
0.7056266963481903 5.32347297668457
0.9825108051300049 4.931550025939941
0.8910261392593384 5.391543388366699
0.6880510449409485 4.4143571853637695
0.7649064064025879 5.785204887390137
1.0066502094268799 3.423754930496216
1.1657346487045288 5.000751972198486
0.7607063949108124 4.777027130126953
0.7698356211185455 6.380349636077881
0.7265478074550629 5.551358222961426
0.8833422064781189 6.311394214630127
0.6989552080631256 5.269225597381592
0.786767989397049 6.880355358123779
0.6592764407396317 6.320557594299316
0.8474154770374298 5.717282772064209
0.8273584842681885 7.3323655128479
0.7791388630867004 5.272375583648682
0.7651427686214447 4.7515387535095215
0.8360403776168823 4.585422515869141
0.7398377060890198 5.184305667877197
0.7705182135105133 5.226850509643555
1.0155189633369446 3.76694917678833
0.8256918787956238 7.083139896392822
0.8008584678173065 5.384820461273193
0.6149960905313492 5.556168079376221
0.8665529191493988 4.162125587463379
0.6343075782060623 5.319799423217773
0.8601185977458954 5.879546642303467
1.0408768057823181 5.123122692108154
0.7601061463356018 6.38015604019165
0.7855644524097443 5.889281749725342
0.8159787654876709 5.008576393127441
0.8756699562072754 7.279281139373779
1.0756384432315826 3.9535484313964844
0.6672436445951462 7.959929466247559
0.857826292514801 6.50409460067749
0.8680318295955658 6.4427008628845215
0.8554931879043579 5.0901198387146
0.7111271917819977 6.8266921043396
0.7172847837209702 4.968073844909668
0.89713916182518 6.475558280944824
0.7356458306312561 5.779916286468506
0.8861144185066223 6.6954193115234375
0.7592463493347168 5.810728073120117
0.9778197407722473 7.637620449066162
0.691516250371933 5.579116344451904
0.693726658821106 6.114917755126953
0.737663522362709 6.381320953369141
0.7199432551860809 7.026053428649902
0.7642684727907181 6.60875940322876
0.7979054749011993 6.220731258392334
0.8441192358732224 6.142885208129883
0.6809122860431671 7.687456130981445
0.7446812391281128 4.894454479217529
0.7754102349281311 6.028649806976318
1.2300469279289246 4.854389190673828
0.6443178206682205 6.590420246124268
0.7326682507991791 6.78121280670166
0.7105363011360168 6.849645137786865
0.7711167335510254 7.300881385803223
0.7784009873867035 6.224568843841553
0.7413989454507828 6.416197299957275
0.7618102431297302 5.744132995605469
0.7993720024824142 5.530258655548096
0.7553925514221191 5.303597450256348
0.861676037311554 5.475827693939209
0.8354617357254028 5.56916618347168
0.8159542381763458 5.682575702667236
0.7284497916698456 6.154630184173584
0.8360747992992401 6.303091049194336
0.8034868836402893 5.572877883911133
0.8358860313892365 5.650581359863281
0.8020020127296448 5.679720878601074
0.6848188638687134 6.1180830001831055
0.7540785074234009 4.7254958152771
0.7715750187635422 6.612814903259277
0.7563116550445557 5.276161193847656
0.6001818478107452 7.193044662475586
0.7613175213336945 5.3549394607543945
0.84511798620224 5.505695819854736
0.8860191404819489 5.000569820404053
0.8495540022850037 5.414800643920898
0.8244090378284454 4.505860805511475
0.843693196773529 4.8284406661987305
0.7367158830165863 6.048051834106445
0.7769219279289246 6.7046966552734375
0.6665360629558563 6.431372165679932
0.8114948570728302 5.585593223571777
0.7983424365520477 6.5644307136535645
0.7862013876438141 6.277637958526611
0.778147965669632 5.603987693786621
0.8280971646308899 4.937919616699219
0.8338828384876251 5.621290683746338
0.945238322019577 5.90876579284668
0.9024989306926727 5.397686004638672
0.6841784417629242 5.54282808303833
0.8223249912261963 4.896351337432861
1.139719545841217 5.451934814453125
0.8889918625354767 4.570507049560547
0.6880290508270264 5.7194623947143555
0.9219842851161957 5.696106910705566
0.7630079835653305 6.564297676086426
0.7104943990707397 5.685615539550781
1.1463029384613037 4.45244836807251
0.8452887535095215 5.347960948944092
0.6086110919713974 6.956940174102783
0.9119532704353333 6.3606672286987305
0.6931861042976379 5.872797012329102
0.7133261859416962 5.860830783843994
0.8339256346225739 5.128819465637207
0.7519758939743042 5.159957408905029
0.9352770447731018 5.0268635749816895
0.765876829624176 6.619068145751953
0.9787493348121643 4.837156772613525
0.984969437122345 4.6951799392700195
0.8313042223453522 5.1382575035095215
0.9899772107601166 4.3420281410217285
0.7633765041828156 6.400017738342285
0.9754487574100494 6.380435943603516
0.6940345764160156 5.191590309143066
0.7823068201541901 6.047220706939697
0.9046424031257629 5.602799892425537
0.7590559422969818 5.39042329788208
0.7080383598804474 6.903750419616699
0.8070198893547058 5.007763385772705
0.8141554892063141 4.958678245544434
0.8662530779838562 5.730756759643555
0.9540712833404541 3.958430051803589
0.7700726687908173 5.13644552230835
0.7951351702213287 6.9849066734313965
0.9409383833408356 4.867523193359375
0.744417816400528 5.317841529846191
0.8683052957057953 4.8283891677856445
0.8452081084251404 4.1573967933654785
0.813189834356308 5.092032432556152
0.7046408355236053 6.28209114074707
0.8544851243495941 5.392879962921143
0.7008602321147919 5.3978376388549805
0.8705329149961472 6.027103424072266
0.7015485167503357 6.386271953582764
0.7746503055095673 6.496413707733154
0.7551015615463257 5.791253089904785
0.8545511364936829 4.701380252838135
0.7046203166246414 6.7204461097717285
0.6346906870603561 4.963838577270508
0.756778359413147 5.249328136444092
0.7806055843830109 6.368419170379639
0.8906577527523041 4.41303825378418
0.7245110869407654 5.482419967651367
1.2647133767604828 5.245568752288818
