0.3977041691541672 6.235217571258545
0.3595297113060951 12.110090255737305
0.3044435754418373 8.000191688537598
0.4571656137704849 5.802302837371826
0.31292077898979187 6.599034309387207
0.4234454184770584 4.856917858123779
0.44870343804359436 4.2436065673828125
0.3604724556207657 5.749359130859375
0.4556402713060379 4.078648567199707
0.5380506366491318 3.685232639312744
0.42948344349861145 4.096531391143799
0.43219083547592163 4.384589195251465
0.5866627991199493 3.8434040546417236
0.44937367737293243 4.393424034118652
0.6507680416107178 2.746511697769165
0.6731420829892159 3.3682332038879395
0.4756893515586853 7.3154096603393555
0.43082740902900696 4.1580071449279785
0.4520569294691086 4.52382230758667
0.3631526157259941 6.2716169357299805
0.9606192708015442 2.5024964809417725
1.0632451176643372 2.6760847568511963
0.7225662618875504 4.242267608642578
0.5010235458612442 3.6187517642974854
0.6613666713237762 4.336512088775635
0.45438191294670105 4.132347583770752
0.8067810237407684 2.9527783393859863
0.7891152203083038 3.0129826068878174
0.6632243543863297 3.405032157897949
0.39175622910261154 5.507514476776123
0.5065211206674576 4.292121887207031
0.553228884935379 4.581240653991699
0.5999177992343903 3.467561960220337
0.8087297528982162 3.524033308029175
1.1656993478536606 3.9374051094055176
0.7105966657400131 4.2298102378845215
0.49560970067977905 6.100176811218262
0.5799072533845901 4.90693473815918
0.6077290028333664 3.4914069175720215
0.6658420562744141 4.536581993103027
0.7069759368896484 3.8733303546905518
1.2368740141391754 2.7233951091766357
0.6411774158477783 3.052677631378174
0.849887877702713 4.029144287109375
1.18374902009964 2.228771448135376
0.6912907063961029 3.848170518875122
1.3435842394828796 2.1270649433135986
0.7607256770133972 8.194897651672363
1.198717176914215 2.088996410369873
1.715177670121193 3.0911011695861816
0.9130744785070419 3.626234769821167
1.1812787652015686 1.907544493675232
0.9278470575809479 3.2486557960510254
0.7323110848665237 3.6030406951904297
1.4969874024391174 1.7833664417266846
1.0267356932163239 1.97946035861969
0.8870341777801514 2.4959657192230225
0.8740645349025726 2.445917844772339
1.083614706993103 1.7843682765960693
0.9303085803985596 3.0964741706848145
1.4394751191139221 2.7807438373565674
0.6827143132686615 3.2164711952209473
0.7664453089237213 3.371020793914795
0.8699721097946167 2.4999167919158936
1.456945925951004 2.067239999771118
0.9889871776103973 2.629678964614868
0.7462295889854431 3.58699369430542
0.7648287415504456 3.2105789184570312
0.8648468255996704 2.556849956512451
0.8293927907943726 3.1538119316101074
0.6818091869354248 3.1775877475738525
0.7745780348777771 2.6630325317382812
0.6389220654964447 3.127058506011963
0.8836259245872498 2.6689376831054688
1.1150456219911575 3.272146463394165
0.5913189649581909 3.8904666900634766
0.5338005572557449 4.547155857086182
0.5580417215824127 4.104159832000732
0.5383312106132507 3.879077434539795
0.8881276249885559 2.2400288581848145
0.5176874101161957 4.617072105407715
0.8943394273519516 3.9388697147369385
0.6504702568054199 3.6402580738067627
0.5248102098703384 4.242279052734375
0.7622800171375275 2.936998128890991
0.6435950100421906 4.034868240356445
0.6810154914855957 4.25706672668457
0.5748498141765594 4.197566509246826
0.5589164048433304 5.0749921798706055
0.5662173181772232 5.207909107208252
0.5688997805118561 4.380394458770752
0.6000980138778687 2.6834166049957275
1.5870516449213028 4.016252040863037
0.632671520113945 3.704069137573242
0.4890032261610031 4.9258599281311035
0.5244998186826706 4.078085422515869
0.47462089359760284 5.370798110961914
0.6177107244729996 4.506997585296631
0.5388295501470566 4.814631462097168
0.5678852051496506 4.156213760375977
0.5083805918693542 5.0090460777282715
0.507843554019928 4.597740650177002
0.47474098205566406 5.215429306030273
0.45677773654460907 5.730282783508301
0.5516272932291031 3.9844906330108643
0.7147627398371696 5.149036884307861
0.5867098867893219 4.8589677810668945
0.5309170335531235 6.399543285369873
0.49465541541576385 5.404631614685059
0.5045754164457321 4.501892566680908
0.5654028505086899 4.537060737609863
0.4733855426311493 4.239030361175537
0.5002190321683884 4.5937018394470215
0.48698750138282776 5.597498893737793
0.5589450746774673 5.0654826164245605
0.5131400972604752 5.39322566986084
0.5511583611369133 6.155735492706299
0.4728333652019501 5.16255521774292
0.5382781624794006 5.834593772888184
0.412150040268898 7.823192119598389
0.5907430797815323 5.647764682769775
0.4434705749154091 5.813480854034424
0.4902421236038208 4.788110256195068
0.4492119029164314 5.306642055511475
0.5256295800209045 6.203530311584473
0.42651599645614624 5.563250541687012
0.4299446865916252 6.429684638977051
0.49012935906648636 6.076452255249023
0.44142472743988037 6.951510429382324
0.4767542779445648 6.403552532196045
0.4698762744665146 7.687279224395752
0.5444484502077103 6.502795696258545
0.45691995322704315 4.569920063018799
0.4469313770532608 7.699628829956055
0.9648931920528412 3.5089268684387207
0.42676402628421783 6.90302848815918
0.5984441041946411 5.457211971282959
0.6674443185329437 5.181723594665527
0.48697925359010696 7.170741558074951
0.5894468575716019 4.442746162414551
0.3936886340379715 6.629388809204102
0.517650693655014 7.061925888061523
0.9186919182538986 10.679216384887695
0.4553297460079193 6.835580825805664
0.5059310793876648 5.846643447875977
0.48863866925239563 8.341582298278809
0.657858207821846 6.513951778411865
0.3984232246875763 7.032052993774414
0.5406321734189987 5.252255916595459
0.5590879768133163 5.497857093811035
0.4047306180000305 6.321847915649414
0.5976444482803345 7.931586742401123
0.45031942427158356 6.217447280883789
0.8330615609884262 3.9958314895629883
0.5541482269763947 4.03238582611084
0.5438500642776489 6.973672389984131
0.5555680617690086 7.228781700134277
0.4748215228319168 6.806042671203613
0.5096390023827553 6.070085048675537
0.46132993698120117 9.660369873046875
0.5679323524236679 6.023941993713379
0.6252676621079445 8.958588600158691
0.5735384374856949 4.553378105163574
0.45377179980278015 6.748264312744141
0.9293390661478043 4.490984916687012
0.419872023165226 7.181051731109619
0.4531812220811844 7.398361682891846
0.4740285277366638 5.56548547744751
0.4350711926817894 7.83254337310791
0.4627663642168045 8.338750839233398
0.39069201052188873 6.944610595703125
0.41911058872938156 7.18663215637207
0.4192987382411957 6.07791805267334
0.45389216393232346 7.758904933929443
0.4704568237066269 7.038297653198242
0.4992445856332779 6.044519424438477
0.44183114916086197 7.899982929229736
0.4390379935503006 4.734757423400879
0.4110620394349098 7.908938407897949
0.5312234312295914 7.211610317230225
0.44912874698638916 7.946606636047363
0.4675452709197998 5.040895462036133
0.489654965698719 7.994029998779297
0.577272579073906 7.6031813621521
0.559741199016571 9.078269958496094
0.5216538310050964 7.4480366706848145
0.46091489493846893 7.8726115226745605
0.6081348359584808 9.169474601745605
0.48450586199760437 9.147844314575195
0.4413955956697464 6.947818279266357
0.519526869058609 6.651628017425537
0.4482291042804718 8.535172462463379
0.5311717242002487 7.916084289550781
0.5040249526500702 5.356063365936279
0.5315472483634949 5.070222854614258
0.6084738522768021 4.289604663848877
0.5137209594249725 6.3398566246032715
0.5879584848880768 6.391292572021484
0.49787241220474243 5.324951648712158
0.8257315456867218 6.378035068511963
0.5715449154376984 7.692867279052734
0.5593472123146057 5.509466648101807
0.6080817505717278 6.195207595825195
0.5003030225634575 7.80354118347168
0.5767064541578293 8.261670112609863
0.4637914150953293 10.316234588623047
0.47349075973033905 7.411294937133789
0.455687016248703 8.599871635437012
0.7949413061141968 5.807821273803711
0.44619253277778625 6.770734786987305
0.5118263214826584 8.563314437866211
0.48890648782253265 7.456534385681152
0.4872388541698456 6.749598026275635
0.6061490774154663 7.249654769897461
0.660198912024498 5.627744674682617
0.4733225330710411 9.55472183227539
0.5081998407840729 7.527212619781494
0.47133971750736237 8.859682083129883
0.5898811519145966 6.094881057739258
0.5406192392110825 10.175237655639648
0.45906078815460205 8.900056838989258
0.4975089728832245 5.522895336151123
0.4955737739801407 7.6811113357543945
0.6010152697563171 4.713362216949463
0.5117447525262833 7.979943752288818
0.6172992140054703 7.376444339752197
0.5574004948139191 7.175666332244873
0.551081046462059 9.004493713378906
0.5417303591966629 6.874403953552246
0.5309093147516251 6.783656120300293
0.5128414332866669 8.14611530303955
0.6963776350021362 4.126314163208008
0.6829269826412201 5.967456817626953
0.8188593089580536 4.33524751663208
0.6876163184642792 5.483388423919678
1.2022325545549393 5.4274582862854
0.5348095595836639 7.613399982452393
0.4906982034444809 6.126540184020996
0.7392823845148087 8.47768497467041
0.5495564043521881 6.160987854003906
0.5085995197296143 6.763148784637451
0.5463097542524338 6.2898945808410645
0.6689956486225128 4.729138374328613
0.5873404741287231 6.371851921081543
0.5291161388158798 6.487578868865967
0.4906856417655945 8.526189804077148
0.4916100949048996 6.680541038513184
0.6030696481466293 6.451486110687256
0.5145795494318008 6.767757892608643
0.4890700429677963 7.080253601074219
0.746067076921463 7.071841716766357
0.5136536061763763 7.914173126220703
0.49427492916584015 5.897846698760986
0.6462724953889847 7.389601230621338
0.6026110500097275 7.762306213378906
0.6612659096717834 5.570164203643799
0.7076323628425598 5.92582893371582
0.5074270516633987 8.53847885131836
0.5556624978780746 7.9176201820373535
0.6277166903018951 7.755417346954346
0.6227402538061142 6.79987907409668
0.5397977381944656 8.46558666229248
0.5431675910949707 5.424976825714111
0.5947270840406418 6.266454219818115
0.6166461557149887 7.480630874633789
0.6593030691146851 4.393887042999268
0.5069469511508942 7.752683162689209
0.590597465634346 7.203800201416016
0.6228350102901459 6.325752258300781
0.5568706393241882 6.095968723297119
0.5753120929002762 7.068135738372803
0.7918835580348969 4.687078475952148
0.6016419231891632 6.3833160400390625
0.5981737077236176 6.520832538604736
0.609205037355423 5.745337963104248
0.6058375239372253 6.253457546234131
0.6255223453044891 6.271020889282227
0.6892563104629517 4.11541223526001
0.605586975812912 7.6056108474731445
0.611225888133049 7.922358512878418
0.6393460631370544 5.6377787590026855
0.6928009986877441 7.00238037109375
0.6456179171800613 6.753427982330322
0.6951198577880859 4.889410018920898
0.8111143112182617 5.021838188171387
0.67879618704319 6.295547008514404
0.549587219953537 6.012186050415039
0.9802604168653488 4.001572608947754
0.6105126887559891 6.198218822479248
0.7211481183767319 7.8556227684021
0.5682507753372192 6.148497581481934
0.674366682767868 6.10599946975708
0.6144817173480988 4.969890594482422
0.6734781861305237 5.501368999481201
0.6724092364311218 6.025238990783691
0.7173527479171753 5.255335330963135
0.685246616601944 6.25716495513916
0.6420792937278748 6.2675580978393555
0.7334052324295044 5.873359680175781
0.5803687125444412 6.31080436706543
0.6436253488063812 6.178523540496826
0.6503715813159943 6.205597400665283
0.58308145403862 5.4750823974609375
0.708464503288269 4.50986385345459
0.755588173866272 7.002944469451904
0.6796987652778625 5.7283172607421875
0.7733041048049927 5.419095993041992
0.5778109729290009 6.302028179168701
0.561825156211853 7.6650896072387695
0.5755523890256882 5.078355312347412
0.6393777877092361 6.976875305175781
0.5283903181552887 8.643070220947266
0.6667293608188629 6.856263637542725
0.6957758069038391 6.065643787384033
0.6582153290510178 6.477755069732666
0.7019949853420258 6.185664176940918
0.6094955503940582 6.826752185821533
0.6746450662612915 4.649085998535156
0.8690931648015976 6.190903186798096
1.0420153141021729 3.7121901512145996
0.6058918237686157 7.701600074768066
0.5650470852851868 6.969457149505615
0.8007179796695709 4.37238883972168
0.6887164562940598 8.709481239318848
0.620425209403038 6.907842636108398
0.661140114068985 6.236862659454346
0.678287535905838 7.242094993591309
0.7057150304317474 6.822815895080566
0.8081289231777191 5.040157794952393
0.901528388261795 5.481721878051758
0.6734054982662201 4.018503189086914
0.704962357878685 7.3239898681640625
0.7725951075553894 8.290119171142578
0.8111089468002319 6.274738311767578
0.5947065353393555 7.290870666503906
0.5802630633115768 7.6616082191467285
0.706898421049118 8.649690628051758
0.5703103691339493 7.339542865753174
1.0401001125574112 5.799516677856445
0.5698924511671066 6.682062149047852
0.6106987297534943 7.069587230682373
0.63069087266922 7.212549209594727
0.6943512856960297 7.052863121032715
0.806273803114891 6.406185150146484
0.6541450619697571 6.1648406982421875
0.7148997485637665 5.624398708343506
0.6256425678730011 5.622539043426514
0.5780078619718552 5.938816547393799
0.7265688329935074 7.63603401184082
0.6924625784158707 7.069469928741455
0.6027215421199799 7.3030195236206055
0.616302102804184 7.6943278312683105
0.5838930904865265 8.47458553314209
0.6187882274389267 7.151194095611572
0.7703328132629395 7.401730537414551
0.6576687395572662 7.437571048736572
0.6456935852766037 8.909703254699707
0.7052420526742935 6.777613639831543
0.6176985800266266 5.823206424713135
0.5790550857782364 6.4515485763549805
0.7303705513477325 7.753675937652588
0.8100437223911285 5.82559061050415
0.6561148762702942 7.693082332611084
0.7835829555988312 6.7328338623046875
0.6128469258546829 7.984868049621582
0.5389816462993622 8.535981178283691
1.0322033166885376 5.798138618469238
0.6761674880981445 4.990030765533447
0.6337064802646637 6.538715839385986
0.933133602142334 6.362794399261475
0.9510489702224731 4.695398330688477
0.6988597214221954 7.446653842926025
0.5520120859146118 8.691951751708984
0.6575886309146881 6.2976226806640625
0.8292471766471863 4.613544464111328
0.7530376613140106 6.368134498596191
0.794508546590805 5.770323753356934
0.7792989909648895 8.630859375
0.6777521371841431 4.816481590270996
0.6110229343175888 7.631704330444336
0.5775294601917267 6.1954264640808105
0.5862777382135391 8.471854209899902
0.6242790222167969 7.063725471496582
0.8300406336784363 4.132691860198975
0.713479220867157 5.984971523284912
0.7039379477500916 6.05131196975708
0.5928954184055328 6.949810028076172
0.729895293712616 4.999542236328125
0.8449888229370117 4.6704630851745605
0.7179000377655029 4.768627166748047
1.3246274590492249 4.438625335693359
0.6634461283683777 8.462764739990234
0.6643607765436172 6.532914638519287
0.6132299602031708 7.472181797027588
0.6891766488552094 6.284913539886475
0.62787064909935 7.097042560577393
0.5736388266086578 9.790733337402344
0.7515259087085724 5.181953430175781
0.6377188861370087 7.434455394744873
0.7203265428543091 4.749185085296631
0.6903031766414642 4.328792095184326
0.8234229981899261 6.373559951782227
0.6010448485612869 8.248607635498047
0.673600822687149 6.431756019592285
0.8852128088474274 5.304489612579346
0.8149230182170868 7.7514824867248535
0.673833578824997 6.269087314605713
0.7483640611171722 5.33819580078125
0.6717717051506042 7.03164005279541
0.6811818778514862 6.123258590698242
0.6326601207256317 6.846831798553467
0.7231976091861725 6.967871189117432
0.6772496998310089 4.855906963348389
0.7191446423530579 5.243806838989258
0.7002393007278442 4.9860758781433105
1.1986954510211945 3.8036012649536133
0.6908288598060608 6.092587947845459
0.6579629778862 6.868637561798096
0.873588502407074 7.5846848487854
0.5742659866809845 9.669761657714844
0.585165411233902 6.246885776519775
0.7327232509851456 7.007030010223389
0.7299473583698273 8.5571870803833
0.6138957738876343 6.46862268447876
0.9301230907440186 4.825486660003662
0.7373594045639038 6.941071033477783
0.655890628695488 8.6231050491333
0.6765874922275543 6.316962242126465
0.6836142688989639 8.665871620178223
0.6447834968566895 6.134618282318115
0.6686735451221466 6.115454196929932
0.7303890883922577 6.747481346130371
0.7677347958087921 6.246632099151611
0.5982984006404877 8.518272399902344
0.638006716966629 6.75746488571167
0.7068733870983124 6.647841453552246
0.6654309332370758 6.285324573516846
0.9968276172876358 5.355815410614014
0.619190439581871 7.710107326507568
0.8160870373249054 7.593249320983887
0.7726907432079315 5.2799577713012695
0.6370033770799637 5.918307781219482
0.7079123854637146 6.475641250610352
0.8710716366767883 5.375795841217041
0.7329331040382385 6.521440029144287
0.65659099817276 7.880950450897217
0.6825495809316635 9.22496509552002
0.7749067395925522 9.189014434814453
0.7209782004356384 7.25215482711792
0.6391677856445312 7.32796049118042
0.7247004359960556 7.373924255371094
0.9120061695575714 4.95122766494751
0.8335416316986084 7.893989562988281
0.715507984161377 4.69267463684082
0.7070268243551254 7.415811061859131
0.7974270880222321 6.003324031829834
0.6861312389373779 6.5647735595703125
0.7211072444915771 6.911837100982666
0.6762966215610504 5.9089579582214355
0.6859250068664551 5.6952409744262695
0.7815796434879303 6.1576385498046875
0.6688797771930695 6.263286113739014
0.8860774636268616 3.1502320766448975
0.7924363315105438 6.306489944458008
0.7700859606266022 6.452577590942383
0.9044382870197296 6.23525857925415
0.9111227691173553 4.269077777862549
0.7381686717271805 7.557820796966553
0.6587238013744354 8.99332332611084
0.833745926618576 8.878052711486816
0.670630544424057 6.543422222137451
0.8293573260307312 5.335201263427734
0.8295208215713501 5.259672164916992
0.5620773285627365 9.41453742980957
0.827022135257721 6.214448928833008
0.672283798456192 6.914159297943115
0.637819841504097 6.8451828956604
0.6095196455717087 6.771112442016602
0.6188359260559082 7.633039474487305
0.6268419325351715 8.040257453918457
0.6787303686141968 5.625075817108154
0.8277787864208221 6.198988437652588
0.9408982396125793 6.429866313934326
0.6621822714805603 6.743587017059326
0.7108792811632156 6.98355770111084
0.630587249994278 6.866937160491943
0.7807801365852356 7.176531791687012
0.7122646123170853 8.914560317993164
0.7398748844861984 8.284914016723633
0.6585900038480759 8.834711074829102
0.7386344820261002 9.131258010864258
0.7111051082611084 9.162290573120117
0.7656773030757904 7.17460823059082
0.7278808057308197 7.901804447174072
1.000587522983551 3.5865304470062256
1.0130499005317688 5.5318403244018555
0.828393816947937 7.1400146484375
0.658721387386322 7.540814399719238
0.7509682774543762 8.6251220703125
0.6217028945684433 7.294611930847168
0.805223673582077 4.878950595855713
